%YAML:1.0
---
aruco_bc_dict: ARUCO_MIP_16h3
aruco_bc_nmarkers: 16
aruco_bc_mInfoType: 1
aruco_bc_markers:
   - { id:0, corners:[ [ -2.9534564208984375e+02,
       -2.9044271850585938e+02, 2.5572196960449219e+01 ], [
       -2.7688427734375000e+02, -2.9103451538085938e+02,
       2.4533830642700195e+01 ], [ -2.7744494628906250e+02,
       -3.0951736450195312e+02, 2.5099407196044922e+01 ], [
       -2.9590631103515625e+02, -3.0892556762695312e+02,
       2.6137773513793945e+01 ] ] }
   - { id:1, corners:[ [ -1.5514746093750000e+02,
       -2.9587066650390625e+02, 1.4677843093872070e+01 ], [
       -1.3674061584472656e+02, -2.9673840332031250e+02,
       1.3039213180541992e+01 ], [ -1.3751458740234375e+02,
       -3.1519079589843750e+02, 1.4116439819335938e+01 ], [
       -1.5592143249511719e+02, -3.1432305908203125e+02,
       1.5755069732666016e+01 ] ] }
   - { id:2, corners:[ [ -2.2288223266601562e+01,
       -3.0032577514648438e+02, 7.5519901514053345e-01 ], [
       -3.9203729629516602e+00, -3.0101516723632812e+02,
       -1.3416701555252075e+00 ], [ -4.4991178512573242e+00,
       -3.1947903442382812e+02, -3.4086328744888306e-01 ], [
       -2.2866966247558594e+01, -3.1878964233398438e+02,
       1.7560058832168579e+00 ] ] }
   - { id:3, corners:[ [ 1.5805784606933594e+02, -3.1748254394531250e+02,
       -2.0665726661682129e+00 ], [ 1.3956042480468750e+02,
       -3.1757775878906250e+02, -1.7722481489181519e+00 ], [
       1.3946733093261719e+02, -2.9907849121093750e+02,
       -1.6390893459320068e+00 ], [ 1.5796475219726562e+02,
       -2.9898327636718750e+02, -1.9334138631820679e+00 ] ] }
   - { id:4, corners:[ [ 1.5903536987304688e+02, -1.6875265502929688e+02,
       -5.2829828262329102e+00 ], [ 1.4054058837890625e+02,
       -1.6857287597656250e+02, -4.8820643424987793e+00 ], [
       1.4072747802734375e+02, -1.5007672119140625e+02,
       -4.5544462203979492e+00 ], [ 1.5922225952148438e+02,
       -1.5025650024414062e+02, -4.9553647041320801e+00 ] ] }
   - { id:5, corners:[ [ -1.4990312576293945e+01,
       -1.4926617431640625e+02, -2.0899395942687988e+00 ], [
       3.5090184211730957e+00, -1.4932594299316406e+02,
       -2.2355461120605469e+00 ], [ 3.4495205879211426e+00,
       -1.6782580566406250e+02, -2.2009401321411133e+00 ], [
       -1.5049810409545898e+01, -1.6776603698730469e+02,
       -2.0553336143493652e+00 ] ] }
   - { id:6, corners:[ [ -1.3221197509765625e+02,
       -1.6639575195312500e+02, 5.0354590415954590e+00 ], [
       -1.5063615417480469e+02, -1.6565675354003906e+02,
       6.5364828109741211e+00 ], [ -1.4995568847656250e+02,
       -1.4718417358398438e+02, 5.7942328453063965e+00 ], [
       -1.3153150939941406e+02, -1.4792317199707031e+02,
       4.2932090759277344e+00 ] ] }
   - { id:7, corners:[ [ -2.8936779785156250e+02,
       -1.4117224121093750e+02, 1.9877109527587891e+01 ], [
       -2.7100323486328125e+02, -1.4197862243652344e+02,
       1.7793369293212891e+01 ], [ -2.7167236328125000e+02,
       -1.6042480468750000e+02, 1.9034584045410156e+01 ], [
       -2.9003692626953125e+02, -1.5961842346191406e+02,
       2.1118324279785156e+01 ] ] }
   - { id:8, corners:[ [ 1.6115490722656250e+02, -9.8026227951049805e+00,
       5.7272917032241821e-01 ], [ 1.4265599060058594e+02,
       -9.8138494491577148e+00, 7.7303743362426758e-01 ], [
       1.4264938354492188e+02, 8.6812372207641602e+00,
       1.1993207931518555e+00 ], [ 1.6114830017089844e+02,
       8.6924638748168945e+00, 9.9901258945465088e-01 ] ] }
   - { id:10, corners:[ [ -9.2500000000000000e+00,
       9.2500000000000000e+00, 0. ], [ 9.2500000000000000e+00,
       9.2500000000000000e+00, 0. ], [ 9.2500000000000000e+00,
       -9.2500000000000000e+00, 0. ], [ -9.2500000000000000e+00,
       -9.2500000000000000e+00, 0. ] ] }
   - { id:11, corners:[ [ -2.6694628906250000e+02,
       -5.5467715263366699e+00, 8.0046834945678711e+00 ], [
       -2.8539926147460938e+02, -4.9202246665954590e+00,
       9.1643238067626953e+00 ], [ -2.8481658935546875e+02,
       1.3556921005249023e+01, 8.4533166885375977e+00 ], [
       -2.6636361694335938e+02, 1.2930374145507812e+01,
       7.2936768531799316e+00 ] ] }
   - { id:12, corners:[ [ -2.5767767333984375e+02,
       1.9548982238769531e+02, 1.1592171669006348e+01 ], [
       -2.7612194824218750e+02, 1.9617053222656250e+02,
       1.2855356216430664e+01 ], [ -2.7541729736328125e+02,
       2.1465419006347656e+02, 1.3183438301086426e+01 ], [
       -2.5697302246093750e+02, 2.1397348022460938e+02,
       1.1920253753662109e+01 ] ] }
   - { id:13, corners:[ [ -1.3267834472656250e+02,
       -1.0655980110168457e+01, -1.9293618202209473e+00 ], [
       -1.5110816955566406e+02, -9.9505815505981445e+00,
       -4.8233664035797119e-01 ], [ -1.5041479492187500e+02,
       8.5355367660522461e+00, -6.6308587789535522e-01 ], [
       -1.3198497009277344e+02, 7.8301382064819336e+00,
       -2.1101112365722656e+00 ] ] }
   - { id:14, corners:[ [ -1.4002500915527344e+02,
       2.1098953247070312e+02, 1.1359351158142090e+01 ], [
       -1.2153555297851562e+02, 2.1102046203613281e+02,
       1.0735795021057129e+01 ], [ -1.2152976989746094e+02,
       1.9253549194335938e+02, 9.9902162551879883e+00 ], [
       -1.4001922607421875e+02, 1.9250456237792969e+02,
       1.0613772392272949e+01 ] ] }
   - { id:15, corners:[ [ -9.7828769683837891e+00,
       2.1126953125000000e+02, 8.0837659835815430e+00 ], [
       8.6976833343505859e+00, 2.1140528869628906e+02,
       7.2468285560607910e+00 ], [ 8.7971973419189453e+00,
       1.9292288208007812e+02, 6.4461984634399414e+00 ], [
       -9.6833629608154297e+00, 1.9278712463378906e+02,
       7.2831358909606934e+00 ] ] }
   - { id:17, corners:[ [ 1.5547619628906250e+02, 2.1851739501953125e+02,
       -2.3992988586425781e+01 ], [ 1.7392337036132812e+02,
       2.1887098693847656e+02, -2.5344579696655273e+01 ], [
       1.7421505737304688e+02, 2.0039297485351562e+02,
       -2.6197837829589844e+01 ], [ 1.5576788330078125e+02,
       2.0003938293457031e+02, -2.4846246719360352e+01 ] ] }
