%YAML:1.0
---
aruco_bc_dict: ARUCO_MIP_16h3
aruco_bc_nmarkers: 20
aruco_bc_mInfoType: 1
aruco_bc_markers:
   - { id:0, corners:[ [ 1.0907587051391602e+01, 2.9801730346679688e+02,
       -1.1057596206665039e+01 ], [ -7.5653357505798340e+00,
       2.9814099121093750e+02, -1.0064731597900391e+01 ], [
       -7.4511923789978027e+00, 3.1663973999023438e+02,
       -1.0245414733886719e+01 ], [ 1.1021730422973633e+01,
       3.1651605224609375e+02, -1.1238279342651367e+01 ] ] }
   - { id:1, corners:[ [ -1.2871926879882812e+02, 2.9857327270507812e+02,
       -8.0223731994628906e+00 ], [ -1.4719873046875000e+02,
       2.9868576049804688e+02, -7.1581029891967773e+00 ], [
       -1.4713070678710938e+02, 3.1716122436523438e+02,
       -8.1083927154541016e+00 ], [ -1.2865124511718750e+02,
       3.1704873657226562e+02, -8.9726629257202148e+00 ] ] }
   - { id:2, corners:[ [ -2.6224475097656250e+02, 2.9737768554687500e+02,
       1.2226125001907349e+00 ], [ -2.8072494506835938e+02,
       2.9723318481445312e+02, 2.0664458274841309e+00 ], [
       -2.8092205810546875e+02, 3.1569604492187500e+02,
       9.1167104244232178e-01 ], [ -2.6244186401367188e+02,
       3.1584054565429688e+02, 6.7837595939636230e-02 ] ] }
   - { id:3, corners:[ [ -4.3795333862304688e+02, 3.1439675903320312e+02,
       1.4253889322280884e+00 ], [ -4.1950897216796875e+02,
       3.1459555053710938e+02, 5.3786039352416992e-03 ], [
       -4.1916983032226562e+02, 2.9618923950195312e+02,
       1.8335281610488892e+00 ], [ -4.3761419677734375e+02,
       2.9599044799804688e+02, 3.2535386085510254e+00 ] ] }
   - { id:4, corners:[ [ -4.4351751708984375e+02, 1.6175100708007812e+02,
       3.6501755714416504e+00 ], [ -4.2502627563476562e+02,
       1.6201062011718750e+02, 4.1559348106384277e+00 ], [
       -4.2475585937500000e+02, 1.4351678466796875e+02,
       3.7626342773437500e+00 ], [ -4.4324710083007812e+02,
       1.4325717163085938e+02, 3.2568750381469727e+00 ] ] }
   - { id:5, corners:[ [ -2.6365332031250000e+02, 1.4923513793945312e+02,
       3.4770705699920654e+00 ], [ -2.8211135864257812e+02,
       1.4912260437011719e+02, 4.7173485755920410e+00 ], [
       -2.8230676269531250e+02, 1.6758044433593750e+02,
       3.4845302104949951e+00 ], [ -2.6384872436523438e+02,
       1.6769297790527344e+02, 2.2442522048950195e+00 ] ] }
   - { id:6, corners:[ [ -1.4817813110351562e+02, 1.6754162597656250e+02,
       1.8879026174545288e+00 ], [ -1.2970977783203125e+02,
       1.6760226440429688e+02, 8.0801022052764893e-01 ], [
       -1.2959158325195312e+02, 1.4912884521484375e+02,
       1.7922583818435669e+00 ], [ -1.4805993652343750e+02,
       1.4906820678710938e+02, 2.8721508979797363e+00 ] ] }
   - { id:7, corners:[ [ 9.6327276229858398e+00, 1.4827833557128906e+02,
       -4.2470412254333496e+00 ], [ -8.8536510467529297e+00,
       1.4838806152343750e+02, -3.5457906723022461e+00 ], [
       -8.7720041275024414e+00, 1.6687306213378906e+02,
       -4.2858567237854004e+00 ], [ 9.7143745422363281e+00,
       1.6676333618164062e+02, -4.9871072769165039e+00 ] ] }
   - { id:8, corners:[ [ -4.3626370239257812e+02, 9.4016008377075195e+00,
       1.9011959075927734e+01 ], [ -4.1782168579101562e+02,
       9.4609975814819336e+00, 1.7549427032470703e+01 ], [
       -4.1765347290039062e+02, -8.9873037338256836e+00,
       1.8921234130859375e+01 ], [ -4.3609548950195312e+02,
       -9.0467004776000977e+00, 2.0383766174316406e+01 ] ] }
   - { id:10, corners:[ [ -2.6687426757812500e+02,
       -8.2599668502807617e+00, -1.4403909444808960e-02 ], [
       -2.8536557006835938e+02, -8.6360692977905273e+00,
       4.0962573885917664e-01 ], [ -2.8573571777343750e+02,
       9.8583574295043945e+00, 6.7273342609405518e-01 ], [
       -2.6724441528320312e+02, 1.0234459877014160e+01,
       2.4870380759239197e-01 ] ] }
   - { id:11, corners:[ [ -9.2500000000000000e+00,
       9.2500000000000000e+00, 0. ], [ 9.2500000000000000e+00,
       9.2500000000000000e+00, 0. ], [ 9.2500000000000000e+00,
       -9.2500000000000000e+00, 0. ], [ -9.2500000000000000e+00,
       -9.2500000000000000e+00, 0. ] ] }
   - { id:12, corners:[ [ -1.0494558334350586e+01,
       -1.9175044250488281e+02, 6.7185502052307129e+00 ], [
       8.0052871704101562e+00, -1.9175421142578125e+02,
       6.7941141128540039e+00 ], [ 7.9978098869323730e+00,
       -2.1023182678222656e+02, 7.7036309242248535e+00 ], [
       -1.0502035140991211e+01, -2.1022805786132812e+02,
       7.6280670166015625e+00 ] ] }
   - { id:13, corners:[ [ -1.4375093078613281e+02,
       9.3947067260742188e+00, -6.2353599071502686e-01 ], [
       -1.2525353240966797e+02, 9.3164386749267578e+00,
       -9.2384457588195801e-01 ], [ -1.2532215881347656e+02,
       -9.1739501953125000e+00, -3.3155411481857300e-01 ], [
       -1.4381954956054688e+02, -9.0956821441650391e+00,
       -3.1245499849319458e-02 ] ] }
   - { id:14, corners:[ [ -1.3605801391601562e+02,
       -2.1090209960937500e+02, 7.7356405258178711e+00 ], [
       -1.5455403137207031e+02, -2.1072419738769531e+02,
       7.3953561782836914e+00 ], [ -1.5434786987304688e+02,
       -1.9229205322265625e+02, 5.8258562088012695e+00 ], [
       -1.3585185241699219e+02, -1.9246995544433594e+02,
       6.1661405563354492e+00 ] ] }
   - { id:15, corners:[ [ -2.6534655761718750e+02,
       -2.1087426757812500e+02, 5.5237054824829102e+00 ], [
       -2.8383999633789062e+02, -2.1112243652343750e+02,
       5.9497795104980469e+00 ], [ -2.8409838867187500e+02,
       -1.9262957763671875e+02, 5.5059938430786133e+00 ], [
       -2.6560494995117188e+02, -1.9238140869140625e+02,
       5.0799198150634766e+00 ] ] }
   - { id:16, corners:[ [ -3.6525460815429688e+02,
       -2.7008517456054688e+02, 1.9388774871826172e+01 ], [
       -3.4676193237304688e+02, -2.7041278076171875e+02,
       1.8983554840087891e+01 ], [ -3.4704965209960938e+02,
       -2.8882693481445312e+02, 2.0740055084228516e+01 ], [
       -3.6554232788085938e+02, -2.8849932861328125e+02,
       2.1145275115966797e+01 ] ] }
   - { id:17, corners:[ [ -4.2006152343750000e+02,
       -2.0960778808593750e+02, 2.0335407257080078e+01 ], [
       -4.3855590820312500e+02, -2.0960697937011719e+02,
       1.9879983901977539e+01 ], [ -4.3851794433593750e+02,
       -1.9116860961914062e+02, 1.8371734619140625e+01 ], [
       -4.2002355957031250e+02, -1.9116941833496094e+02,
       1.8827157974243164e+01 ] ] }
   - { id:18, corners:[ [ -5.4531105041503906e+01,
       -2.7852755737304688e+02, 9.0652217864990234e+00 ], [
       -7.3030517578125000e+01, -2.7853979492187500e+02,
       8.9186840057373047e+00 ], [ -7.3035308837890625e+01,
       -2.6006369018554688e+02, 7.9790325164794922e+00 ], [
       -5.4535896301269531e+01, -2.6005145263671875e+02,
       8.1255702972412109e+00 ] ] }
   - { id:19, corners:[ [ -7.7234466552734375e+01,
       -9.4533744812011719e+01, 5.4918961524963379e+00 ], [
       -5.8742416381835938e+01, -9.4118736267089844e+01,
       5.8409962654113770e+00 ], [ -5.8330368041992188e+01,
       -1.1261345672607422e+02, 6.0009045600891113e+00 ], [
       -7.6822418212890625e+01, -1.1302846527099609e+02,
       5.6518044471740723e+00 ] ] }
   - { id:20, corners:[ [ -3.4259350585937500e+02,
       -1.0798724365234375e+02, 1.0128490447998047e+01 ], [
       -3.6109210205078125e+02, -1.0799299621582031e+02,
       1.0356733322143555e+01 ], [ -3.6111395263671875e+02,
       -8.9539276123046875e+01, 9.0492362976074219e+00 ], [
       -3.4261535644531250e+02, -8.9533523559570312e+01,
       8.8209934234619141e+00 ] ] }
