%YAML:1.0
---
aruco_bc_dict: ARUCO_MIP_16h3
aruco_bc_nmarkers: 3
aruco_bc_mInfoType: 1
aruco_bc_markers:
   - { id:20, corners:[ [ 1.7380785942077637e-01,
       -1.2652614116668701e+00, 2.5409754365682602e-02 ], [
       -1.7860814929008484e-02, -1.2764129638671875e+00,
       2.3747835308313370e-02 ], [ -2.8945006430149078e-02,
       -1.0848603248596191e+00, 1.6766831278800964e-02 ], [
       1.6272367537021637e-01, -1.0737087726593018e+00,
       1.8428750336170197e-02 ] ] }
   - { id:21, corners:[ [ -1.0346385240554810e+00,
       -6.1754441261291504e-01, 2.9867711663246155e-01 ], [
       -8.4452986717224121e-01, -5.9518373012542725e-01,
       3.1359958648681641e-01 ], [ -8.2254141569137573e-01,
       -7.8583943843841553e-01, 3.1916168332099915e-01 ], [
       -1.0126501321792603e+00, -8.0820012092590332e-01,
       3.0423921346664429e-01 ] ] }
   - { id:22, corners:[ [ -9.6000000834465027e-02,
       9.6000000834465027e-02, 0. ], [ 9.6000000834465027e-02,
       9.6000000834465027e-02, 0. ], [ 9.6000000834465027e-02,
       -9.6000000834465027e-02, 0. ], [ -9.6000000834465027e-02,
       -9.6000000834465027e-02, 0. ] ] }
