%YAML:1.0
---
aruco_bc_dict: ARUCO_MIP_16h3
aruco_bc_nmarkers: 20
aruco_bc_mInfoType: 1
aruco_bc_markers:
   - { id:0, corners:[ [ 2.1459590911865234e+01, 2.4886566162109375e+02,
       -9.2778980731964111e-01 ], [ 3.9935691833496094e+01,
       2.4911502075195312e+02, -2.1444559097290039e-02 ], [
       4.0168148040771484e+01, 2.3061978149414062e+02,
       3.2830199599266052e-01 ], [ 2.1692047119140625e+01,
       2.3037042236328125e+02, -5.7804328203201294e-01 ] ] }
   - { id:1, corners:[ [ 2.0700979614257812e+02, 2.2100537109375000e+02,
       -1.7838485717773438e+01 ], [ 1.9377003479003906e+02,
       2.1871507263183594e+02, -5.1218423843383789e+00 ], [
       1.9657266235351562e+02, 2.3597967529296875e+02,
       9.0549182891845703e-01 ], [ 2.0981242370605469e+02,
       2.3826997375488281e+02, -1.1811150550842285e+01 ] ] }
   - { id:2, corners:[ [ 2.1640907287597656e+02, -1.6153955078125000e+02,
       -4.3857955932617188e+01 ], [ 2.3476641845703125e+02,
       -1.6141105651855469e+02, -4.1568584442138672e+01 ], [
       2.3487132263183594e+02, -1.7990969848632812e+02,
       -4.1371520996093750e+01 ], [ 2.1651397705078125e+02,
       -1.8003819274902344e+02, -4.3660892486572266e+01 ] ] }
   - { id:3, corners:[ [ -9.6885345458984375e+01, 3.0075103759765625e+02,
       -7.7735054016113281e+01 ], [ -7.8416107177734375e+01,
       2.9969335937500000e+02, -7.7598800659179688e+01 ], [
       -7.9479644775390625e+01, 2.8125128173828125e+02,
       -7.6594825744628906e+01 ], [ -9.7948883056640625e+01,
       2.8230895996093750e+02, -7.6731079101562500e+01 ] ] }
   - { id:4, corners:[ [ 2.2403256225585938e+02, 1.3269442749023438e+02,
       2.0208625793457031e+02 ], [ 2.1967013549804688e+02,
       1.2117572021484375e+02, 2.1588983154296875e+02 ], [
       2.2593310546875000e+02, 1.0688766479492188e+02,
       2.0594615173339844e+02 ], [ 2.3029553222656250e+02,
       1.1840637207031250e+02, 1.9214257812500000e+02 ] ] }
   - { id:5, corners:[ [ 3.8740533447265625e+02, -1.9679013061523438e+02,
       4.2213199615478516e+01 ], [ 4.0584506225585938e+02,
       -1.9690943908691406e+02, 4.3700729370117188e+01 ], [
       4.0563201904296875e+02, -2.1537179565429688e+02,
       4.4860988616943359e+01 ], [ 3.8719229125976562e+02,
       -2.1525248718261719e+02, 4.3373458862304688e+01 ] ] }
   - { id:6, corners:[ [ 4.2209515380859375e+02, 1.0328128814697266e+02,
       2.9118945312500000e+02 ], [ 4.3385855102539062e+02,
       9.7308250427246094e+01, 3.0415847778320312e+02 ], [
       4.4014239501953125e+02, 8.4385200500488281e+01,
       2.9250695800781250e+02 ], [ 4.2837899780273438e+02,
       9.0358238220214844e+01, 2.7953793334960938e+02 ] ] }
   - { id:7, corners:[ [ 5.4384283447265625e+02, -7.2638656616210938e+01,
       1.4696394348144531e+02 ], [ 5.2534484863281250e+02,
       -7.2902717590332031e+01, 1.4689442443847656e+02 ], [
       5.2509210205078125e+02, -5.4563060760498047e+01,
       1.4447715759277344e+02 ], [ 5.4359008789062500e+02,
       -5.4298999786376953e+01, 1.4454667663574219e+02 ] ] }
   - { id:8, corners:[ [ 1.4236430358886719e+02, -2.7810321807861328e+01,
       6.6177261352539062e+01 ], [ 1.6085491943359375e+02,
       -2.7716133117675781e+01, 6.6759178161621094e+01 ], [
       1.6090568542480469e+02, -4.6165035247802734e+01,
       6.8132293701171875e+01 ], [ 1.4241506958007812e+02,
       -4.6259223937988281e+01, 6.7550376892089844e+01 ] ] }
   - { id:10, corners:[ [ -9.2500000000000000e+00,
       9.2500000000000000e+00, 0. ], [ 9.2500000000000000e+00,
       9.2500000000000000e+00, 0. ], [ 9.2500000000000000e+00,
       -9.2500000000000000e+00, 0. ], [ -9.2500000000000000e+00,
       -9.2500000000000000e+00, 0. ] ] }
   - { id:11, corners:[ [ 3.4058288574218750e+02,
       -6.2644710540771484e+01, 1.2169019317626953e+02 ], [
       3.2212063598632812e+02, -6.2487335205078125e+01,
       1.2051956176757812e+02 ], [ 3.2243890380859375e+02,
       -4.4167629241943359e+01, 1.1796280670166016e+02 ], [
       3.4090115356445312e+02, -4.4325004577636719e+01,
       1.1913343811035156e+02 ] ] }
   - { id:12, corners:[ [ 8.0464220046997070e+00,
       -1.9942958068847656e+02, -2.5432119369506836e+01 ], [
       -1.0448476791381836e+01, -1.9937370300292969e+02,
       -2.5001333236694336e+01 ], [ -1.0331099510192871e+01,
       -1.8106700134277344e+02, -2.2336515426635742e+01 ], [
       8.1637992858886719e+00, -1.8112287902832031e+02,
       -2.2767301559448242e+01 ] ] }
   - { id:13, corners:[ [ -1.8807196044921875e+02,
       -1.9894210815429688e+02, -3.6548194885253906e+01 ], [
       -2.0615075683593750e+02, -1.9922611999511719e+02,
       -3.2633319854736328e+01 ], [ -2.0684295654296875e+02,
       -1.8083309936523438e+02, -3.4495468139648438e+01 ], [
       -1.8876416015625000e+02, -1.8054908752441406e+02,
       -3.8410343170166016e+01 ] ] }
   - { id:14, corners:[ [ 5.9355206298828125e+02,
       -2.2725457763671875e+02, 9.1084983825683594e+01 ], [
       5.7541705322265625e+02, -2.2738269042968750e+02,
       8.7430580139160156e+01 ], [ 5.7538128662109375e+02,
       -2.0888870239257812e+02, 8.6959877014160156e+01 ], [
       5.9351629638671875e+02, -2.0876058959960938e+02,
       9.0614280700683594e+01 ] ] }
   - { id:15, corners:[ [ -2.6975823974609375e+02,
       -2.7203582763671875e+02, 1.3438476562500000e+02 ], [
       -2.5233233642578125e+02, -2.7739620971679688e+02,
       1.3752398681640625e+02 ], [ -2.5721148681640625e+02,
       -2.8342059326171875e+02, 1.5432131958007812e+02 ], [
       -2.7463739013671875e+02, -2.7806021118164062e+02,
       1.5118209838867188e+02 ] ] }
   - { id:16, corners:[ [ -1.7514320373535156e+02,
       2.4730367660522461e+00, -1.2167238616943359e+02 ], [
       -1.9360789489746094e+02, 2.2075166702270508e+00,
       -1.2056109619140625e+02 ], [ -1.9390721130371094e+02,
       2.0696746826171875e+01, -1.2111678314208984e+02 ], [
       -1.7544252014160156e+02, 2.0962265014648438e+01,
       -1.2222807312011719e+02 ] ] }
   - { id:17, corners:[ [ 1.8856089782714844e+02,
       -4.0701379394531250e+02, 2.8571039199829102e+01 ], [
       2.0706011962890625e+02, -4.0714682006835938e+02,
       2.8465799331665039e+01 ], [ 2.0692420959472656e+02,
       -4.2563922119140625e+02, 2.7953203201293945e+01 ], [
       1.8842498779296875e+02, -4.2550619506835938e+02,
       2.8058443069458008e+01 ] ] }
   - { id:18, corners:[ [ -5.8244674682617188e+01,
       -3.2496765136718750e+02, 1.2279463958740234e+02 ], [
       -4.0684951782226562e+01, -3.2975125122070312e+02,
       1.2611479949951172e+02 ], [ -4.5676261901855469e+01,
       -3.3668408203125000e+02, 1.4252433776855469e+02 ], [
       -6.3235984802246094e+01, -3.3190048217773438e+02,
       1.3920416259765625e+02 ] ] }
   - { id:19, corners:[ [ 5.8044067382812500e+02,
       -4.3628646850585938e+02, 9.2718360900878906e+01 ], [
       5.9890045166015625e+02, -4.3604101562500000e+02,
       9.3912269592285156e+01 ], [ 5.9894421386718750e+02,
       -4.5428390502929688e+02, 9.6985542297363281e+01 ], [
       5.8048443603515625e+02, -4.5452935791015625e+02,
       9.5791633605957031e+01 ] ] }
   - { id:20, corners:[ [ 4.1320608520507812e+02,
       -4.3471096801757812e+02, 3.6536785125732422e+01 ], [
       3.9475189208984375e+02, -4.3555709838867188e+02,
       3.7524978637695312e+01 ], [ 3.9388418579101562e+02,
       -4.1708145141601562e+02, 3.7140514373779297e+01 ], [
       4.1233837890625000e+02, -4.1623532104492188e+02,
       3.6152320861816406e+01 ] ] }
