%YAML:1.0
---
aruco_bc_dict: ARUCO_MIP_16h3
aruco_bc_nmarkers: 17
aruco_bc_mInfoType: 1
aruco_bc_markers:
   - { id:0, corners:[ [ 1.7171685695648193e+00, -3.4087135791778564e+00,
       3.2672216892242432e+00 ], [ 1.7180876731872559e+00,
       -3.2498292922973633e+00, 3.1764256954193115e+00 ], [
       1.9010169506072998e+00, -3.2531077861785889e+00,
       3.1725399494171143e+00 ], [ 1.9000978469848633e+00,
       -3.4119920730590820e+00, 3.2633359432220459e+00 ] ] }
   - { id:1, corners:[ [ 1.6923820972442627e+00, -2.9930353164672852e+00,
       1.2573260068893433e+00 ], [ 1.6947239637374878e+00,
       -2.8191158771514893e+00, 1.2004437446594238e+00 ], [
       1.8772554397583008e+00, -2.8253393173217773e+00,
       1.1889306306838989e+00 ], [ 1.8749135732650757e+00,
       -2.9992587566375732e+00, 1.2458128929138184e+00 ] ] }
   - { id:2, corners:[ [ 1.4971244335174561e+00, -6.9072246551513672e-03,
       -1.9562508910894394e-02 ], [ 1.3142601251602173e+00,
       -1.6631036996841431e-03, -1.4857199043035507e-02 ], [
       1.3170888423919678e+00, 1.6491419076919556e-01,
       -9.0573787689208984e-02 ], [ 1.4999531507492065e+00,
       1.5967006981372833e-01, -9.5279097557067871e-02 ] ] }
   - { id:3, corners:[ [ 1.6227245330810547e+00, -8.7179791927337646e-01,
       4.1138380765914917e-01 ], [ 1.6280757188796997e+00,
       -7.0106065273284912e-01, 3.4573951363563538e-01 ], [
       1.8107123374938965e+00, -7.0971262454986572e-01,
       3.3812439441680908e-01 ], [ 1.8053611516952515e+00,
       -8.8044989109039307e-01, 4.0376868844032288e-01 ] ] }
   - { id:4, corners:[ [ 2.7814513444900513e-01, -2.9631667137145996e+00,
       1.3105639219284058e+00 ], [ 2.9126054048538208e-01,
       -2.7914631366729736e+00, 1.2486374378204346e+00 ], [
       4.7361832857131958e-01, -2.8064808845520020e+00,
       1.2456194162368774e+00 ], [ 4.6050292253494263e-01,
       -2.9781844615936279e+00, 1.3075459003448486e+00 ] ] }
   - { id:5, corners:[ [ 6.5144246816635132e-01, -1.9320182800292969e+00,
       8.3024513721466064e-01 ], [ 6.5116137266159058e-01,
       -1.7612357139587402e+00, 7.6450133323669434e-01 ], [
       8.3395034074783325e-01, -1.7641286849975586e+00,
       7.5620472431182861e-01 ], [ 8.3423143625259399e-01,
       -1.9349112510681152e+00, 8.2194852828979492e-01 ] ] }
   - { id:6, corners:[ [ 8.2004420459270477e-02, -6.7977935075759888e-01,
       3.3748379349708557e-01 ], [ 7.9241774976253510e-02,
       -8.4639614820480347e-01, 4.1311579942703247e-01 ], [
       -1.0370574146509171e-01, -8.4247487783432007e-01,
       4.1507175564765930e-01 ], [ -1.0094309598207474e-01,
       -6.7585808038711548e-01, 3.3943974971771240e-01 ] ] }
   - { id:7, corners:[ [ -9.1499999165534973e-02, 9.1499999165534973e-02,
       0. ], [ 9.1499999165534973e-02, 9.1499999165534973e-02, 0. ], [
       9.1499999165534973e-02, -9.1499999165534973e-02, 0. ], [
       -9.1499999165534973e-02, -9.1499999165534973e-02, 0. ] ] }
   - { id:8, corners:[ [ -1.4899541139602661e+00,
       -2.9878888130187988e+00, 1.2913438081741333e+00 ], [
       -1.4838855266571045e+00, -2.8155395984649658e+00,
       1.2301237583160400e+00 ], [ -1.3009868860244751e+00,
       -2.8210840225219727e+00, 1.2326453924179077e+00 ], [
       -1.3070554733276367e+00, -2.9934332370758057e+00,
       1.2938654422760010e+00 ] ] }
   - { id:10, corners:[ [ -1.4048945903778076e+00,
       -6.8272548913955688e-01, 3.9122381806373596e-01 ], [
       -1.4085890054702759e+00, -8.5090446472167969e-01,
       4.6327367424964905e-01 ], [ -1.5915162563323975e+00,
       -8.4608978033065796e-01, 4.6513238549232483e-01 ], [
       -1.5878218412399292e+00, -6.7791080474853516e-01,
       3.9308252930641174e-01 ] ] }
   - { id:11, corners:[ [ -1.3262846469879150e+00,
       -3.2890845090150833e-02, 5.0479628145694733e-02 ], [
       -1.5077799558639526e+00, -3.1793031841516495e-02,
       7.3873184621334076e-02 ], [ -1.5153703689575195e+00,
       1.3838052749633789e-01, 6.9975834339857101e-03 ], [
       -1.3338750600814819e+00, 1.3728271424770355e-01,
       -1.6395973041653633e-02 ] ] }
   - { id:13, corners:[ [ -2.3240120410919189e+00,
       -1.9072328805923462e+00, 9.1711711883544922e-01 ], [
       -2.3309159278869629e+00, -1.7336446046829224e+00,
       8.5959792137145996e-01 ], [ -2.1480658054351807e+00,
       -1.7279366254806519e+00, 8.5487735271453857e-01 ], [
       -2.1411619186401367e+00, -1.9015249013900757e+00,
       9.1239655017852783e-01 ] ] }
   - { id:14, corners:[ [ -2.4739217758178711e+00,
       -6.5768969058990479e-01, 4.5830696821212769e-01 ], [
       -2.4872748851776123e+00, -8.2835197448730469e-01,
       5.2299916744232178e-01 ], [ -2.6697802543640137e+00,
       -8.1530010700225830e-01, 5.1976007223129272e-01 ], [
       -2.6564271450042725e+00, -6.4463782310485840e-01,
       4.5506787300109863e-01 ] ] }
   - { id:15, corners:[ [ -2.4597516059875488e+00,
       -2.9800899028778076e+00, 1.3719571828842163e+00 ], [
       -2.4768598079681396e+00, -2.8116843700408936e+00,
       1.3024162054061890e+00 ], [ -2.2955288887023926e+00,
       -2.8027546405792236e+00, 1.2794309854507446e+00 ], [
       -2.2784206867218018e+00, -2.9711601734161377e+00,
       1.3489719629287720e+00 ] ] }
   - { id:18, corners:[ [ -2.2127766609191895e+00,
       -3.3306648731231689e+00, 3.3513612747192383e+00 ], [
       -2.2156243324279785e+00, -3.1658530235290527e+00,
       3.2718753814697266e+00 ], [ -2.0326986312866211e+00,
       -3.1613914966583252e+00, 3.2745723724365234e+00 ], [
       -2.0298509597778320e+00, -3.3262033462524414e+00,
       3.3540582656860352e+00 ] ] }
   - { id:19, corners:[ [ -8.8451129198074341e-01,
       -3.4365410804748535e+00, 3.2922568321228027e+00 ], [
       -8.8862532377243042e-01, -3.2758483886718750e+00,
       3.2047929763793945e+00 ], [ -7.0583730936050415e-01,
       -3.2759609222412109e+00, 3.1959886550903320e+00 ], [
       -7.0172327756881714e-01, -3.4366536140441895e+00,
       3.2834525108337402e+00 ] ] }
   - { id:20, corners:[ [ 5.8653771877288818e-01,
       -3.2632608413696289e+00, 3.1826179027557373e+00 ], [
       5.8282673358917236e-01, -3.4274368286132812e+00,
       3.2633733749389648e+00 ], [ 4.0039122104644775e-01,
       -3.4179911613464355e+00, 3.2741925716400146e+00 ], [
       4.0410220623016357e-01, -3.2538151741027832e+00,
       3.1934370994567871e+00 ] ] }
