%YAML:1.0
---
aruco_bc_dict: ARUCO_MIP_16h3
aruco_bc_nmarkers: 20
aruco_bc_mInfoType: 1
aruco_bc_markers:
   - { id:0, corners:[ [ -3.7714920043945312e+00, 3.0704808235168457e+00,
       -7.5167641043663025e-02 ], [ -3.9544830322265625e+00,
       3.0695381164550781e+00, -7.6715603470802307e-02 ], [
       -3.9554028511047363e+00, 3.2525157928466797e+00,
       -7.9425752162933350e-02 ], [ -3.7724118232727051e+00,
       3.2534584999084473e+00, -7.7877789735794067e-02 ] ] }
   - { id:1, corners:[ [ 7.5701862573623657e-02, 1.3634204864501953e+00,
       2.5838115252554417e-03 ], [ -1.0724036395549774e-01,
       1.3619813919067383e+00, 6.9504682905972004e-03 ], [
       -1.0866318643093109e-01, 1.5449745655059814e+00,
       7.6501010917127132e-03 ], [ 7.4279054999351501e-02,
       1.5464136600494385e+00, 3.2834443263709545e-03 ] ] }
   - { id:2, corners:[ [ -9.1499999165534973e-02, 9.1499999165534973e-02,
       0. ], [ 9.1499999165534973e-02, 9.1499999165534973e-02, 0. ], [
       9.1499999165534973e-02, -9.1499999165534973e-02, 0. ], [
       -9.1499999165534973e-02, -9.1499999165534973e-02, 0. ] ] }
   - { id:3, corners:[ [ 1.0559407621622086e-01, -1.5005853176116943e+00,
       -1.2166565284132957e-04 ], [ -7.6763369143009186e-02,
       -1.5030442476272583e+00, -1.5244878828525543e-02 ], [
       -7.9584188759326935e-02, -1.3201158046722412e+00,
       -1.0973533615469933e-02 ], [ 1.0277325659990311e-01,
       -1.3176568746566772e+00, 4.1496795602142811e-03 ] ] }
   - { id:4, corners:[ [ -3.7186925411224365e+00,
       -1.3155865669250488e-01, -1.1265684664249420e-01 ], [
       -3.9016070365905762e+00, -1.3428424298763275e-01,
       -1.1754126846790314e-01 ], [ -3.9044620990753174e+00,
       4.8629093915224075e-02, -1.1268733441829681e-01 ], [
       -3.7215476036071777e+00, 5.1354680210351944e-02,
       -1.0780291259288788e-01 ] ] }
   - { id:5, corners:[ [ -1.3533508777618408e+00,
       -1.3434567451477051e+00, -4.3156992644071579e-02 ], [
       -1.1704037189483643e+00, -1.3432166576385498e+00,
       -3.8764338940382004e-02 ], [ -1.1701083183288574e+00,
       -1.5262019634246826e+00, -4.1064407676458359e-02 ], [
       -1.3530554771423340e+00, -1.5264420509338379e+00,
       -4.5457061380147934e-02 ] ] }
   - { id:6, corners:[ [ -3.8810234069824219e+00,
       -1.3696758747100830e+00, -1.3063724339008331e-01 ], [
       -3.6980757713317871e+00, -1.3666090965270996e+00,
       -1.3375647366046906e-01 ], [ -3.6950488090515137e+00,
       -1.5495688915252686e+00, -1.3610596954822540e-01 ], [
       -3.8779964447021484e+00, -1.5526356697082520e+00,
       -1.3298673927783966e-01 ] ] }
   - { id:7, corners:[ [ -1.1749030351638794e+00,
       -8.4422081708908081e-02, -3.4898485988378525e-02 ], [
       -1.3578872680664062e+00, -8.6568012833595276e-02,
       -3.5981435328722000e-02 ], [ -1.3600524663925171e+00,
       9.6389099955558777e-02, -3.2663922756910324e-02 ], [
       -1.1770682334899902e+00, 9.8535031080245972e-02,
       -3.1580973416566849e-02 ] ] }
   - { id:8, corners:[ [ -5.2132930755615234e+00, 3.2082381248474121e+00,
       -1.2655846774578094e-01 ], [ -5.0304465293884277e+00,
       3.2120673656463623e+00, -1.2011347711086273e-01 ], [
       -5.0264482498168945e+00, 3.0291733741760254e+00,
       -1.2488130480051041e-01 ], [ -5.2092947959899902e+00,
       3.0253441333770752e+00, -1.3132630288600922e-01 ] ] }
   - { id:10, corners:[ [ -3.9287269115447998e+00,
       1.5164659023284912e+00, -8.3038762211799622e-02 ], [
       -3.7459652423858643e+00, 1.5205203294754028e+00,
       -9.1447211802005768e-02 ], [ -3.7419102191925049e+00,
       1.3375651836395264e+00, -9.1526865959167480e-02 ], [
       -3.9246718883514404e+00, 1.3335107564926147e+00,
       -8.3118416368961334e-02 ] ] }
   - { id:11, corners:[ [ -4.9979319572448730e+00,
       1.3579223155975342e+00, -1.4258140325546265e-01 ], [
       -5.1808066368103027e+00, 1.3525284528732300e+00,
       -1.3849060237407684e-01 ], [ -5.1861195564270020e+00,
       1.5354151725769043e+00, -1.3485431671142578e-01 ], [
       -5.0032448768615723e+00, 1.5408090353012085e+00,
       -1.3894511759281158e-01 ] ] }
   - { id:12, corners:[ [ -1.1892532110214233e+00,
       1.3303756713867188e+00, -2.0513515919446945e-02 ], [
       -1.3720902204513550e+00, 1.3275721073150635e+00,
       -2.7708027511835098e-02 ], [ -1.3749269247055054e+00,
       1.5105483531951904e+00, -2.6920605450868607e-02 ], [
       -1.1920899152755737e+00, 1.5133519172668457e+00,
       -1.9726093858480453e-02 ] ] }
   - { id:13, corners:[ [ -5.1630134582519531e+00,
       5.7793863117694855e-02, -1.6066519916057587e-01 ], [
       -4.9802083969116211e+00, 6.2159813940525055e-02,
       -1.5343286097049713e-01 ], [ -4.9758434295654297e+00,
       -1.2078808993101120e-01, -1.5332393348217010e-01 ], [
       -5.1586484909057617e+00, -1.2515404820442200e-01,
       -1.6055627167224884e-01 ] ] }
   - { id:14, corners:[ [ -4.9468865394592285e+00,
       -1.5405273437500000e+00, -1.7810124158859253e-01 ], [
       -5.1297383308410645e+00, -1.5450536012649536e+00,
       -1.7230157554149628e-01 ], [ -5.1341795921325684e+00,
       -1.3621280193328857e+00, -1.6955986618995667e-01 ], [
       -4.9513278007507324e+00, -1.3576017618179321e+00,
       -1.7535953223705292e-01 ] ] }
   - { id:15, corners:[ [ -1.2053842544555664e+00,
       3.0383398532867432e+00, -2.5746002793312073e-02 ], [
       -1.3879376649856567e+00, 3.0351207256317139e+00,
       -3.8109853863716125e-02 ], [ -1.3912000656127930e+00,
       3.2180907726287842e+00, -3.7579469382762909e-02 ], [
       -1.2086466550827026e+00, 3.2213099002838135e+00,
       -2.5215616449713707e-02 ] ] }
   - { id:16, corners:[ [ -2.6769170761108398e+00,
       5.2482292056083679e-02, -7.4856646358966827e-02 ], [
       -2.4943256378173828e+00, 5.4316684603691101e-02,
       -6.2773182988166809e-02 ], [ -2.4923043251037598e+00,
       -1.2865126132965088e-01, -6.5537802875041962e-02 ], [
       -2.6748957633972168e+00, -1.3048565387725830e-01,
       -7.7621266245841980e-02 ] ] }
   - { id:17, corners:[ [ -2.7235338687896729e+00,
       3.2903230190277100e+00, -5.4084952920675278e-02 ], [
       -2.5405926704406738e+00, 3.2947466373443604e+00,
       -5.2684187889099121e-02 ], [ -2.5362017154693604e+00,
       3.1118457317352295e+00, -4.8561651259660721e-02 ], [
       -2.7191429138183594e+00, 3.1074221134185791e+00,
       -4.9962416291236877e-02 ] ] }
   - { id:18, corners:[ [ -2.6962680816650391e+00,
       1.5044665336608887e+00, -5.4334387183189392e-02 ], [
       -2.5132942199707031e+00, 1.5070667266845703e+00,
       -5.2645914256572723e-02 ], [ -2.5107035636901855e+00,
       1.3240880966186523e+00, -5.1606535911560059e-02 ], [
       -2.6936774253845215e+00, 1.3214879035949707e+00,
       -5.3295008838176727e-02 ] ] }
   - { id:19, corners:[ [ -2.4724359512329102e+00,
       -1.5437926054000854e+00, -8.9281946420669556e-02 ], [
       -2.6552560329437256e+00, -1.5465024709701538e+00,
       -9.6925549209117889e-02 ], [ -2.6580157279968262e+00,
       -1.3635267019271851e+00, -9.5791161060333252e-02 ], [
       -2.4751956462860107e+00, -1.3608168363571167e+00,
       -8.8147558271884918e-02 ] ] }
   - { id:20, corners:[ [ -1.3826100528240204e-01,
       3.2968060970306396e+00, 4.4440673664212227e-03 ], [
       4.4731523841619492e-02, 3.2984290122985840e+00,
       4.1271648369729519e-03 ], [ 4.6348962932825089e-02,
       3.1154620647430420e+00, 1.0513609740883112e-03 ], [
       -1.3664355874061584e-01, 3.1138391494750977e+00,
       1.3682637363672256e-03 ] ] }
