%YAML:1.0
---
image_width: 1920
image_height: 1080
camera_matrix: !!opencv-matrix
   rows: 3
   cols: 3
   dt: f
   data: [ 1.42354724e+03, 0., 9.90316956e+02, 0., 1.42744617e+03,
       5.28957764e+02, 0., 0., 1. ]
distortion_coefficients: !!opencv-matrix
   rows: 1
   cols: 5
   dt: f
   data: [ -7.65615106e-02, 1.84395403e-01, -2.42661336e-03,
       5.58142085e-03, -2.56895125e-01 ]
