%YAML:1.0
---
aruco_bc_dict: ARUCO_MIP_16h3
aruco_bc_nmarkers: 19
aruco_bc_mInfoType: 1
aruco_bc_markers:
   - { id:0, corners:[ [ -3.9639742374420166e+00,
       -1.4155333042144775e+00, 1.2561111450195312e+00 ], [
       -4.1496033668518066e+00, -1.4176344871520996e+00,
       1.2965753078460693e+00 ], [ -4.1660947799682617e+00,
       -1.2403986454010010e+00, 1.2301261425018311e+00 ], [
       -3.9804654121398926e+00, -1.2382974624633789e+00,
       1.1896619796752930e+00 ] ] }
   - { id:1, corners:[ [ -4.1677365303039551e+00, 2.9589325189590454e-01,
       9.7909182310104370e-01 ], [ -4.3507161140441895e+00,
       3.2235005497932434e-01, 1.0228927135467529e+00 ], [
       -4.3409180641174316e+00, 5.0009000301361084e-01,
       9.5646601915359497e-01 ], [ -4.1579384803771973e+00,
       4.7363319993019104e-01, 9.1266512870788574e-01 ] ] }
   - { id:2, corners:[ [ -4.2011990547180176e+00, 5.4423813819885254e+00,
       -9.8703777790069580e-01 ], [ -4.0181150436401367e+00,
       5.4401321411132812e+00, -1.0377831459045410e+00 ], [
       -4.0077443122863770e+00, 5.2559714317321777e+00,
       -9.9220609664916992e-01 ], [ -4.1908283233642578e+00,
       5.2582206726074219e+00, -9.4146072864532471e-01 ] ] }
   - { id:3, corners:[ [ -5.3195056915283203e+00, 3.5091853141784668e+00,
       1.9818362593650818e-01 ], [ -5.3440818786621094e+00,
       3.3340597152709961e+00, 2.6766067743301392e-01 ], [
       -5.5242433547973633e+00, 3.3764023780822754e+00,
       3.1066128611564636e-01 ], [ -5.4996671676635742e+00,
       3.5515279769897461e+00, 2.4118421971797943e-01 ] ] }
   - { id:4, corners:[ [ 1.3785824775695801e+00, 3.0318779945373535e+00,
       -3.4659656882286072e-01 ], [ 1.1890405416488647e+00,
       3.0230770111083984e+00, -3.5641446709632874e-01 ], [
       1.1815099716186523e+00, 3.2114682197570801e+00,
       -3.7990924715995789e-01 ], [ 1.3710519075393677e+00,
       3.2202692031860352e+00, -3.7009134888648987e-01 ] ] }
   - { id:5, corners:[ [ -5.5375647544860840e+00, 2.1677746772766113e+00,
       4.9551549553871155e-01 ], [ -5.3610568046569824e+00,
       2.1349077224731445e+00, 4.3334865570068359e-01 ], [
       -5.3760724067687988e+00, 1.9531959295272827e+00,
       4.8678454756736755e-01 ], [ -5.5525803565979004e+00,
       1.9860631227493286e+00, 5.4895138740539551e-01 ] ] }
   - { id:6, corners:[ [ -9.4999998807907104e-02, 9.4999998807907104e-02,
       0. ], [ 9.4999998807907104e-02, 9.4999998807907104e-02, 0. ], [
       9.4999998807907104e-02, -9.4999998807907104e-02, 0. ], [
       -9.4999998807907104e-02, -9.4999998807907104e-02, 0. ] ] }
   - { id:7, corners:[ [ -3.2304272055625916e-01, 3.1944665908813477e+00,
       -4.7098907828330994e-01 ], [ -1.3359995186328888e-01,
       3.2089819908142090e+00, -4.7185072302818298e-01 ], [
       -1.1912346631288528e-01, 3.0217709541320801e+00,
       -4.4282528758049011e-01 ], [ -3.0856621265411377e-01,
       3.0072555541992188e+00, -4.4196364283561707e-01 ] ] }
   - { id:8, corners:[ [ -2.0960330963134766e+00,
       -1.5975252389907837e+00, 2.9923355579376221e-01 ], [
       -2.2858619689941406e+00, -1.5908440351486206e+00,
       2.9471626877784729e-01 ], [ -2.2785434722900391e+00,
       -1.4034255743026733e+00, 2.6437246799468994e-01 ], [
       -2.0887145996093750e+00, -1.4101067781448364e+00,
       2.6888975501060486e-01 ] ] }
   - { id:10, corners:[ [ -2.0876073837280273e+00,
       6.9322049617767334e-01, 4.0551996231079102e-01 ], [
       -1.9021378755569458e+00, 6.9286286830902100e-01,
       3.6427810788154602e-01 ], [ -1.8884083032608032e+00,
       5.1424157619476318e-01, 4.2757046222686768e-01 ], [
       -2.0738778114318848e+00, 5.1459920406341553e-01,
       4.6881231665611267e-01 ] ] }
   - { id:11, corners:[ [ 1.1762005090713501e+00,
       -1.1763933300971985e-01, 5.6857682764530182e-02 ], [
       9.9543112516403198e-01, -6.1359599232673645e-02,
       4.0887877345085144e-02 ], [ 1.0534905195236206e+00,
       1.1759470403194427e-01, 1.4346292242407799e-02 ], [
       1.2342598438262939e+00, 6.1314970254898071e-02,
       3.0316097661852837e-02 ] ] }
   - { id:12, corners:[ [ -3.9998838901519775e+00,
       3.4014563560485840e+00, -1.1637207865715027e-01 ], [
       -3.9990923404693604e+00, 3.2216832637786865e+00,
       -5.4882623255252838e-02 ], [ -4.1835851669311523e+00,
       3.2356514930725098e+00, -1.1669870465993881e-02 ], [
       -4.1843767166137695e+00, 3.4154245853424072e+00,
       -7.3159329593181610e-02 ] ] }
   - { id:13, corners:[ [ -7.1856975555419922e-03,
       1.2784429788589478e+00, -4.7495067119598389e-01 ], [
       -1.9615039229393005e-01, 1.2625178098678589e+00,
       -4.6317234635353088e-01 ], [ -2.1309520304203033e-01,
       1.4509938955307007e+00, -4.8019051551818848e-01 ], [
       -2.4130500853061676e-02, 1.4669190645217896e+00,
       -4.9196884036064148e-01 ] ] }
   - { id:14, corners:[ [ -2.3093774914741516e-01,
       -1.3828492164611816e+00, -6.2028512358665466e-02 ], [
       -4.6304613351821899e-02, -1.4203529357910156e+00,
       -8.6606524884700775e-02 ], [ -7.6458305120468140e-02,
       -1.6012802124023438e+00, -3.7047356367111206e-02 ], [
       -2.6109144091606140e-01, -1.5637764930725098e+00,
       -1.2469343841075897e-02 ] ] }
   - { id:15, corners:[ [ 1.0538508892059326e+00, 1.8077273368835449e+00,
       -5.0599157810211182e-01 ], [ 1.2420423030853271e+00,
       1.7821393013000488e+00, -5.0058174133300781e-01 ], [
       1.2158896923065186e+00, 1.5983881950378418e+00,
       -4.5994192361831665e-01 ], [ 1.0276982784271240e+00,
       1.6239762306213379e+00, -4.6535173058509827e-01 ] ] }
   - { id:16, corners:[ [ -1.9579961299896240e+00,
       5.3175253868103027e+00, -5.8431881666183472e-01 ], [
       -2.1477971076965332e+00, 5.3108849525451660e+00,
       -5.8993095159530640e-01 ], [ -2.1537816524505615e+00,
       5.4996333122253418e+00, -6.1086791753768921e-01 ], [
       -1.9639806747436523e+00, 5.5062737464904785e+00,
       -6.0525578260421753e-01 ] ] }
   - { id:17, corners:[ [ -1.0490926355123520e-01,
       5.3708281517028809e+00, -9.6224874258041382e-01 ], [
       8.4607832133769989e-02, 5.3656511306762695e+00,
       -9.4974005222320557e-01 ], [ 7.8301586210727692e-02,
       5.1765437126159668e+00, -9.3246287107467651e-01 ], [
       -1.1121550947427750e-01, 5.1817207336425781e+00,
       -9.4497156143188477e-01 ] ] }
   - { id:19, corners:[ [ -4.1865658760070801e+00,
       1.5890779495239258e+00, 2.6220273971557617e-01 ], [
       -4.1875309944152832e+00, 1.7718399763107300e+00,
       2.1026898920536041e-01 ], [ -4.0048766136169434e+00,
       1.7584333419799805e+00, 1.5969575941562653e-01 ], [
       -4.0039114952087402e+00, 1.5756713151931763e+00,
       2.1162949502468109e-01 ] ] }
   - { id:20, corners:[ [ -5.7124767303466797e+00,
       6.0756790637969971e-01, 1.3224169015884399e+00 ], [
       -5.5388131141662598e+00, 5.3850990533828735e-01,
       1.2881827354431152e+00 ], [ -5.5877017974853516e+00,
       3.7457871437072754e-01, 1.3708657026290894e+00 ], [
       -5.7613654136657715e+00, 4.4363671541213989e-01,
       1.4050998687744141e+00 ] ] }
