%YAML:1.0
---
image_width: 1920
image_height: 1080
camera_matrix: !!opencv-matrix
   rows: 3
   cols: 3
   dt: f
   data: [ 1.42610022e+03, 0., 9.90171448e+02, 0., 1.42490186e+03,
       5.28895325e+02, 0., 0., 1. ]
distortion_coefficients: !!opencv-matrix
   rows: 1
   cols: 5
   dt: f
   data: [ 1.61694940e-02, 1.37264142e-02, -2.98942300e-03,
       1.33021688e-03, -6.25402853e-02 ]
