%YAML:1.0
---
aruco_bc_dict: ARUCO_MIP_16h3
aruco_bc_nmarkers: 20
aruco_bc_mInfoType: 1
aruco_bc_markers:
   - { id:0, corners:[ [ -2.9658510684967041e+00,
       -3.2155411243438721e+00, 2.8137247562408447e+00 ], [
       -2.9481813907623291e+00, -3.3712096214294434e+00,
       2.9082980155944824e+00 ], [ -3.1302316188812256e+00,
       -3.3893673419952393e+00, 2.9124238491058350e+00 ], [
       -3.1479012966156006e+00, -3.2336988449096680e+00,
       2.8178505897521973e+00 ] ] }
   - { id:1, corners:[ [ -1.4793453216552734e+00,
       -3.0670487880706787e+00, 2.5623488426208496e+00 ], [
       -1.4684228897094727e+00, -3.2175214290618896e+00,
       2.6659233570098877e+00 ], [ -1.6496315002441406e+00,
       -3.2133314609527588e+00, 2.6911201477050781e+00 ], [
       -1.6605539321899414e+00, -3.0628588199615479e+00,
       2.5875456333160400e+00 ] ] }
   - { id:2, corners:[ [ 1.6598421335220337e-01, -2.7233114242553711e+00,
       1.9533981084823608e+00 ], [ 3.4295326471328735e-01,
       -2.7291066646575928e+00, 1.9071663618087769e+00 ], [
       3.6170846223831177e-01, -2.8864655494689941e+00,
       1.9986838102340698e+00 ], [ 1.8473941087722778e-01,
       -2.8806703090667725e+00, 2.0449156761169434e+00 ] ] }
   - { id:3, corners:[ [ -2.0684385299682617e+00, 2.6259150505065918e+00,
       -1.8993364274501801e-01 ], [ -2.0765056610107422e+00,
       2.8056046962738037e+00, -2.2363145649433136e-01 ], [
       -1.8967965841293335e+00, 2.8072004318237305e+00,
       -2.5814348459243774e-01 ], [ -1.8887294530868530e+00,
       2.6275107860565186e+00, -2.2444568574428558e-01 ] ] }
   - { id:4, corners:[ [ -3.4059121608734131e+00,
       -4.4801941514015198e-01, 8.3032637834548950e-01 ], [
       -3.3747184276580811e+00, -6.0374009609222412e-01,
       9.2124956846237183e-01 ], [ -3.5543920993804932e+00,
       -6.2276494503021240e-01, 9.5030838251113892e-01 ], [
       -3.5855858325958252e+00, -4.6704426407814026e-01,
       8.5938519239425659e-01 ] ] }
   - { id:5, corners:[ [ 1.3907866477966309e+00, 2.0876908302307129e+00,
       -4.0356644988059998e-01 ], [ 1.3882517814636230e+00,
       1.9074496030807495e+00, -3.7201201915740967e-01 ], [
       1.2057485580444336e+00, 1.9122221469879150e+00,
       -3.5941091179847717e-01 ], [ 1.2082834243774414e+00,
       2.0924634933471680e+00, -3.9096534252166748e-01 ] ] }
   - { id:6, corners:[ [ 1.3376356363296509e+00, -1.3578130006790161e+00,
       7.0198792219161987e-01 ], [ 1.3290627002716064e+00,
       -1.1904606819152832e+00, 6.2844395637512207e-01 ], [
       1.5112644433975220e+00, -1.1885849237442017e+00,
       6.1147302389144897e-01 ], [ 1.5198373794555664e+00,
       -1.3559372425079346e+00, 6.8501698970794678e-01 ] ] }
   - { id:7, corners:[ [ -5.2761883735656738e+00, 2.9195809364318848e-01,
       1.0605190992355347e+00 ], [ -5.4568133354187012e+00,
       3.0498409271240234e-01, 1.0868606567382812e+00 ], [
       -5.4549984931945801e+00, 4.7365427017211914e-01,
       1.0158952474594116e+00 ], [ -5.2743735313415527e+00,
       4.6062827110290527e-01, 9.8955374956130981e-01 ] ] }
   - { id:8, corners:[ [ 1.4459517002105713e+00, -3.2094492912292480e+00,
       1.8034060001373291e+00 ], [ 1.4285379648208618e+00,
       -3.0569539070129395e+00, 1.7037518024444580e+00 ], [
       1.6040081977844238e+00, -3.0698118209838867e+00,
       1.6534142494201660e+00 ], [ 1.6214219331741333e+00,
       -3.2223072052001953e+00, 1.7530684471130371e+00 ] ] }
   - { id:10, corners:[ [ 1.1126920580863953e-02, 2.7826235294342041e+00,
       -4.5315390825271606e-01 ], [ 1.6489028930664062e-02,
       2.6009452342987061e+00, -4.3186381459236145e-01 ], [
       -1.6632221639156342e-01, 2.5963618755340576e+00,
       -4.2493277788162231e-01 ], [ -1.7168432474136353e-01,
       2.7780401706695557e+00, -4.4622287154197693e-01 ] ] }
   - { id:11, corners:[ [ -3.4732234477996826e+00,
       1.0728416442871094e+00, 4.2667615413665771e-01 ], [
       -3.4655025005340576e+00, 1.2433353662490845e+00,
       3.6063614487648010e-01 ], [ -3.2844998836517334e+00,
       1.2268679141998291e+00, 3.3928430080413818e-01 ], [
       -3.2922208309173584e+00, 1.0563741922378540e+00,
       4.0532431006431580e-01 ] ] }
   - { id:12, corners:[ [ -3.5795626640319824e+00,
       2.6297955513000488e+00, -3.2548688352108002e-02 ], [
       -3.5824711322784424e+00, 2.8046267032623291e+00,
       -8.6535781621932983e-02 ], [ -3.3996295928955078e+00,
       2.8053264617919922e+00, -9.4120271503925323e-02 ], [
       -3.3967211246490479e+00, 2.6304953098297119e+00,
       -4.0133178234100342e-02 ] ] }
   - { id:13, corners:[ [ -3.1002328395843506e+00,
       -1.8806462287902832e+00, 1.8562655448913574e+00 ], [
       -3.0945329666137695e+00, -2.0349521636962891e+00,
       1.9544806480407715e+00 ], [ -3.2774126529693604e+00,
       -2.0379345417022705e+00, 1.9604084491729736e+00 ], [
       -3.2831125259399414e+00, -1.8836287260055542e+00,
       1.8621933460235596e+00 ] ] }
   - { id:14, corners:[ [ -9.1499999165534973e-02,
       9.1499999165534973e-02, 0. ], [ 9.1499999165534973e-02,
       9.1499999165534973e-02, 0. ], [ 9.1499999165534973e-02,
       -9.1499999165534973e-02, 0. ], [ -9.1499999165534973e-02,
       -9.1499999165534973e-02, 0. ] ] }
   - { id:15, corners:[ [ -5.3265314102172852e+00,
       2.5961749553680420e+00, 4.5321512967348099e-02 ], [
       -5.3121924400329590e+00, 2.4194154739379883e+00,
       9.0482011437416077e-02 ], [ -5.4924135208129883e+00,
       2.4127314090728760e+00, 1.2154139578342438e-01 ], [
       -5.5067524909973145e+00, 2.5894908905029297e+00,
       7.6380893588066101e-02 ] ] }
   - { id:16, corners:[ [ -5.0775461196899414e+00,
       -3.0258398056030273e+00, 2.8336017131805420e+00 ], [
       -4.8951816558837891e+00, -3.0353684425354004e+00,
       2.8217134475708008e+00 ], [ -4.8946533203125000e+00,
       -3.1741228103637695e+00, 2.9410278797149658e+00 ], [
       -5.0770177841186523e+00, -3.1645941734313965e+00,
       2.9529161453247070e+00 ] ] }
   - { id:17, corners:[ [ -1.6053185462951660e+00,
       -1.8255605697631836e+00, 1.7621859312057495e+00 ], [
       -1.7872080802917480e+00, -1.8249800205230713e+00,
       1.7823066711425781e+00 ], [ -1.7983658313751221e+00,
       -1.6756386756896973e+00, 1.6771322488784790e+00 ], [
       -1.6164762973785400e+00, -1.6762192249298096e+00,
       1.6570115089416504e+00 ] ] }
   - { id:18, corners:[ [ -5.0888772010803223e+00,
       -1.4090627431869507e+00, 1.7715455293655396e+00 ], [
       -5.2672734260559082e+00, -1.3925727605819702e+00,
       1.8088537454605103e+00 ], [ -5.2744965553283691e+00,
       -1.2406090497970581e+00, 1.7071491479873657e+00 ], [
       -5.0961003303527832e+00, -1.2570990324020386e+00,
       1.6698409318923950e+00 ] ] }
   - { id:19, corners:[ [ -1.9531457424163818e+00,
       5.7125592231750488e-01, 3.0678811669349670e-01 ], [
       -1.7711246013641357e+00, 5.8244919776916504e-01,
       2.9155611991882324e-01 ], [ -1.7560141086578369e+00,
       4.0768730640411377e-01, 3.4369966387748718e-01 ], [
       -1.9380352497100830e+00, 3.9649403095245361e-01,
       3.5893166065216064e-01 ] ] }
   - { id:20, corners:[ [ 1.4152002334594727e+00, 7.6304101943969727e-01,
       -1.7391031980514526e-01 ], [ 1.4443353414535522e+00,
       5.8520400524139404e-01, -1.4206449687480927e-01 ], [
       1.2638669013977051e+00, 5.5504918098449707e-01,
       -1.4535108208656311e-01 ], [ 1.2347317934036255e+00,
       7.3288619518280029e-01, -1.7719690501689911e-01 ] ] }
