%YAML:1.0
---
aruco_bc_dict: ARUCO_MIP_16h3
aruco_bc_nmarkers: 24
aruco_bc_mInfoType: 1
aruco_bc_markers:
   - { id:0, corners:[ [ 3.3253188133239746e+00, 8.4469574689865112e-01,
       -5.0874970853328705e-02 ], [ 3.5070319175720215e+00,
       8.6127263307571411e-01, -6.4825117588043213e-02 ], [
       3.5224142074584961e+00, 6.7958313226699829e-01,
       -8.0359168350696564e-02 ], [ 3.3407011032104492e+00,
       6.6300624608993530e-01, -6.6409021615982056e-02 ] ] }
   - { id:1, corners:[ [ 3.0641276836395264e+00, 2.4044411182403564e+00,
       -9.6890904009342194e-02 ], [ 3.2468938827514648e+00,
       2.4110848903656006e+00, -1.0332719236612320e-01 ], [
       3.2540190219879150e+00, 2.2287709712982178e+00,
       -8.9189536869525909e-02 ], [ 3.0712528228759766e+00,
       2.2221271991729736e+00, -8.2753248512744904e-02 ] ] }
   - { id:2, corners:[ [ 2.4404435157775879e+00, 4.1341814994812012e+00,
       -1.8094763159751892e-01 ], [ 2.4216425418853760e+00,
       4.3152976036071777e+00, -1.9917970895767212e-01 ], [
       2.6036062240600586e+00, 4.3334965705871582e+00,
       -2.0603260397911072e-01 ], [ 2.6224071979522705e+00,
       4.1523804664611816e+00, -1.8780052661895752e-01 ] ] }
   - { id:3, corners:[ [ -3.4562897682189941e+00, 1.7681167125701904e+00,
       8.4087047725915909e-03 ], [ -3.6387820243835449e+00,
       1.7550520896911621e+00, 4.5491592027246952e-03 ], [
       -3.6513085365295410e+00, 1.9363610744476318e+00,
       -1.6878865659236908e-02 ], [ -3.4688162803649902e+00,
       1.9494256973266602e+00, -1.3019319623708725e-02 ] ] }
   - { id:4, corners:[ [ -9.1499999165534973e-02, 9.1499999165534973e-02,
       0. ], [ 9.1499999165534973e-02, 9.1499999165534973e-02, 0. ], [
       9.1499999165534973e-02, -9.1499999165534973e-02, 0. ], [
       -9.1499999165534973e-02, -9.1499999165534973e-02, 0. ] ] }
   - { id:5, corners:[ [ -3.1110551357269287e+00, 5.2800617218017578e+00,
       -2.3535826802253723e-01 ], [ -2.9284436702728271e+00,
       5.2858881950378418e+00, -2.2495999932289124e-01 ], [
       -2.9229233264923096e+00, 5.1030540466308594e+00,
       -2.1945607662200928e-01 ], [ -3.1055347919464111e+00,
       5.0972275733947754e+00, -2.2985434532165527e-01 ] ] }
   - { id:6, corners:[ [ 3.2380735874176025e-01, 5.3695101737976074e+00,
       -1.8090559542179108e-01 ], [ 1.4139977097511292e-01,
       5.3570451736450195e+00, -1.7308920621871948e-01 ], [
       1.2862929701805115e-01, 5.5394606590270996e+00,
       -1.8020565807819366e-01 ], [ 3.1103688478469849e-01,
       5.5519256591796875e+00, -1.8802204728126526e-01 ] ] }
   - { id:7, corners:[ [ -7.2674131393432617e-01,
       -1.4860891103744507e+00, 7.9398535192012787e-02 ], [
       -7.2703546285629272e-01, -1.6689829826354980e+00,
       7.3175460100173950e-02 ], [ -9.1002988815307617e-01,
       -1.6687365770339966e+00, 7.4583359062671661e-02 ], [
       -9.0973573923110962e-01, -1.4858427047729492e+00,
       8.0806434154510498e-02 ] ] }
   - { id:8, corners:[ [ 2.7762706279754639e+00, 5.4894628524780273e+00,
       -3.8226443529129028e-01 ], [ 2.5938987731933594e+00,
       5.4757442474365234e+00, -3.7583899497985840e-01 ], [
       2.5799434185028076e+00, 5.6580858230590820e+00,
       -3.8260704278945923e-01 ], [ 2.7623152732849121e+00,
       5.6718044281005859e+00, -3.8903248310089111e-01 ] ] }
   - { id:10, corners:[ [ -3.7422192096710205e+00,
       3.8419811725616455e+00, -1.3126711547374725e-01 ], [
       -3.5600416660308838e+00, 3.8576438426971436e+00,
       -1.2384926527738571e-01 ], [ -3.5449373722076416e+00,
       3.6757419109344482e+00, -1.1071242392063141e-01 ], [
       -3.7271149158477783e+00, 3.6600792407989502e+00,
       -1.1813027411699295e-01 ] ] }
   - { id:11, corners:[ [ -1.7246447801589966e+00,
       2.9892325401306152e-01, 2.9491778463125229e-02 ], [
       -1.9063216447830200e+00, 2.7960982918739319e-01,
       1.9027225673198700e-02 ], [ -1.9251528978347778e+00,
       4.6143311262130737e-01, 1.0385778732597828e-02 ], [
       -1.7434760332107544e+00, 4.8074653744697571e-01,
       2.0850330591201782e-02 ] ] }
   - { id:12, corners:[ [ -3.4082078933715820e+00,
       1.6502785682678223e-01, -2.0786421373486519e-02 ], [
       -3.5911645889282227e+00, 1.6283568739891052e-01,
       -1.7460418865084648e-02 ], [ -3.5930809974670410e+00,
       3.4522658586502075e-01, -2.6653818786144257e-03 ], [
       -3.4101243019104004e+00, 3.4741875529289246e-01,
       -5.9913839213550091e-03 ] ] }
   - { id:13, corners:[ [ 1.6309555768966675e+00, 7.2464597225189209e-01,
       7.5204814784228802e-03 ], [ 1.8139190673828125e+00,
       7.2719758749008179e-01, 4.9072932451963425e-03 ], [
       1.8163872957229614e+00, 5.4430532455444336e-01,
       -8.6676469072699547e-04 ], [ 1.6334238052368164e+00,
       5.4175370931625366e-01, 1.7464235424995422e-03 ] ] }
   - { id:14, corners:[ [ -9.8929846286773682e-01,
       3.8769793510437012e+00, -1.4219276607036591e-01 ], [
       -9.9701005220413208e-01, 4.0591235160827637e+00,
       -1.5810202062129974e-01 ], [ -8.1431519985198975e-01,
       4.0661711692810059e+00, -1.6596983373165131e-01 ], [
       -8.0660361051559448e-01, 3.8840272426605225e+00,
       -1.5006057918071747e-01 ] ] }
   - { id:15, corners:[ [ -3.2709319591522217e+00,
       -1.5834102630615234e+00, -1.0488992556929588e-03 ], [
       -3.0894253253936768e+00, -1.5614836215972900e+00,
       6.9274902343750000e-03 ], [ -3.0681416988372803e+00,
       -1.7427120208740234e+00, 2.0794939249753952e-02 ], [
       -3.2496483325958252e+00, -1.7646386623382568e+00,
       1.2818550691008568e-02 ] ] }
   - { id:16, corners:[ [ 3.1136424541473389e+00,
       -1.2829924821853638e+00, -7.8010270372033119e-03 ], [
       3.1216573715209961e+00, -1.1001771688461304e+00,
       -5.9743029996752739e-03 ], [ 3.3044555187225342e+00,
       -1.1082216501235962e+00, -2.9464773833751678e-03 ], [
       3.2964406013488770e+00, -1.2910369634628296e+00,
       -4.7732014209032059e-03 ] ] }
   - { id:17, corners:[ [ 1.5351338386535645e+00, 2.2886648178100586e+00,
       -4.6250317245721817e-02 ], [ 1.5424209833145142e+00,
       2.1058192253112793e+00, -4.4389408081769943e-02 ], [
       1.3598077297210693e+00, 2.0984463691711426e+00,
       -5.3717877715826035e-02 ], [ 1.3525205850601196e+00,
       2.2812919616699219e+00, -5.5578786879777908e-02 ] ] }
   - { id:18, corners:[ [ 1.1347284317016602e+00,
       -1.2698777914047241e+00, 1.4825876802206039e-02 ], [
       1.1376860141754150e+00, -1.4519431591033936e+00,
       3.3059801906347275e-02 ], [ 9.5473456382751465e-01,
       -1.4551843404769897e+00, 3.0371926724910736e-02 ], [
       9.5177692174911499e-01, -1.2731189727783203e+00,
       1.2138001620769501e-02 ] ] }
   - { id:19, corners:[ [ -1.9163722991943359e+00,
       1.8713289499282837e+00, 2.1975828334689140e-02 ], [
       -1.9258440732955933e+00, 2.0540833473205566e+00,
       2.2379769012331963e-02 ], [ -1.7430949211120605e+00,
       2.0635514259338379e+00, 2.3830970749258995e-02 ], [
       -1.7336231470108032e+00, 1.8807972669601440e+00,
       2.3427030071616173e-02 ] ] }
   - { id:20, corners:[ [ -1.7416306734085083e+00,
       5.3743920326232910e+00, -2.2534295916557312e-01 ], [
       -1.5626796483993530e+00, 5.4126310348510742e+00,
       -2.2351489961147308e-01 ], [ -1.5244089365005493e+00,
       5.2337212562561035e+00, -2.2748222947120667e-01 ], [
       -1.7033599615097046e+00, 5.1954822540283203e+00,
       -2.2931028902530670e-01 ] ] }
   - { id:21, corners:[ [ -5.8140149116516113e+00,
       4.7519497871398926e+00, -2.2302752733230591e-01 ], [
       -5.8238811492919922e+00, 4.9334468841552734e+00,
       -2.4425244331359863e-01 ], [ -5.6445040702819824e+00,
       4.9390110969543457e+00, -2.8005689382553101e-01 ], [
       -5.6346378326416016e+00, 4.7575139999389648e+00,
       -2.5883197784423828e-01 ] ] }
   - { id:22, corners:[ [ 9.1100507974624634e-01, 4.1907610893249512e+00,
