%YAML:1.0
---
aruco_bc_dict: ARUCO_MIP_16h3
aruco_bc_nmarkers: 20
aruco_bc_mInfoType: 1
aruco_bc_markers:
   - { id:0, corners:[ [ -1.2435142695903778e-01,
       -2.7928142547607422e+00, -3.4159403294324875e-02 ], [
       6.7646689713001251e-02, -2.7931244373321533e+00,
       -3.4953761845827103e-02 ], [ 6.7335844039916992e-02,
       -2.9851241111755371e+00, -3.5110387951135635e-02 ], [
       -1.2466227263212204e-01, -2.9848139286041260e+00,
       -3.4316029399633408e-02 ] ] }
   - { id:1, corners:[ [ 8.1437431275844574e-02, -1.4870511293411255e+00,
       -1.9934240728616714e-02 ], [ -1.1054442822933197e-01,
       -1.4844753742218018e+00, -2.0509481430053711e-02 ], [
       -1.0796710103750229e-01, -1.2924934625625610e+00,
       -2.1062441170215607e-02 ], [ 8.4014758467674255e-02,
       -1.2950692176818848e+00, -2.0487200468778610e-02 ] ] }
   - { id:2, corners:[ [ -9.6000120043754578e-02, 9.6000000834465027e-02,
       -9.3132257461547852e-10 ], [ 9.5999881625175476e-02,
       9.6000000834465027e-02, -9.3132257461547852e-10 ], [
       9.5999881625175476e-02, -9.6000000834465027e-02,
       -9.3132257461547852e-10 ], [ -9.6000120043754578e-02,
       -9.6000000834465027e-02, -9.3132257461547852e-10 ] ] }
   - { id:3, corners:[ [ 1.0275517404079437e-01, 1.2853515148162842e+00,
       2.9557824600487947e-03 ], [ -8.9241772890090942e-02,
       1.2845000028610229e+00, 2.2857002913951874e-03 ], [
       -9.0091854333877563e-02, 1.4764976501464844e+00,
       1.8490545917302370e-03 ], [ 1.0190509259700775e-01,
       1.4773491621017456e+00, 2.5191367603838444e-03 ] ] }
   - { id:4, corners:[ [ -8.5182785987854004e-02, 2.9545600414276123e+00,
       -3.0340705998241901e-03 ], [ 1.0681153833866119e-01,
       2.9536511898040771e+00, -4.1982801631093025e-03 ], [
       1.0589304566383362e-01, 2.7616598606109619e+00,
       -5.7826885022222996e-03 ], [ -8.6101278662681580e-02,
       2.7625687122344971e+00, -4.6184789389371872e-03 ] ] }
   - { id:5, corners:[ [ 1.3253753185272217e+00, 2.9403676986694336e+00,
       1.5035927295684814e-02 ], [ 1.5173424482345581e+00,
       2.9429304599761963e+00, 1.7500251531600952e-02 ], [
       1.5198998451232910e+00, 2.7509479522705078e+00,
       1.7950531095266342e-02 ], [ 1.3279327154159546e+00,
       2.7483851909637451e+00, 1.5486206859350204e-02 ] ] }
   - { id:6, corners:[ [ 2.7800297737121582e+00, 2.9385828971862793e+00,
       7.8426087275147438e-03 ], [ 2.9720287322998047e+00,
       2.9389586448669434e+00, 8.2822125405073166e-03 ], [
       2.9724040031433105e+00, 2.7469592094421387e+00,
       8.4442058578133583e-03 ], [ 2.7804050445556641e+00,
       2.7465834617614746e+00, 8.0046020448207855e-03 ] ] }
   - { id:7, corners:[ [ 4.4681782722473145e+00, 2.7300195693969727e+00,
       1.8522933125495911e-02 ], [ 4.2761783599853516e+00,
       2.7301859855651855e+00, 1.8553061410784721e-02 ], [
       4.2763447761535645e+00, 2.9221858978271484e+00,
       1.8601633608341217e-02 ], [ 4.4683446884155273e+00,
       2.9220194816589355e+00, 1.8571505323052406e-02 ] ] }
   - { id:8, corners:[ [ 1.5388779640197754e+00, -2.9724454879760742e+00,
       -1.9084133207798004e-02 ], [ 1.3468947410583496e+00,
       -2.9732449054718018e+00, -2.1492440253496170e-02 ], [
       1.3460738658905029e+00, -2.7812542915344238e+00,
       -1.9779045134782791e-02 ], [ 1.5380570888519287e+00,
       -2.7804548740386963e+00, -1.7370738089084625e-02 ] ] }
   - { id:9, corners:[ [ 3.0098869800567627e+00, -2.9849350452423096e+00,
       -3.1375590711832047e-02 ], [ 2.8179004192352295e+00,
       -2.9828448295593262e+00, -3.2289370894432068e-02 ], [
       2.8199818134307861e+00, -2.7908647060394287e+00,
       -3.0456911772489548e-02 ], [ 3.0119683742523193e+00,
       -2.7929549217224121e+00, -2.9543133452534676e-02 ] ] }
   - { id:10, corners:[ [ 4.2450857162475586e+00,
       -2.7973029613494873e+00, -1.2614398263394833e-02 ], [
       4.4370512962341309e+00, -2.7956666946411133e+00,
       -9.3579022213816643e-03 ], [ 4.4386997222900391e+00,
       -2.9876582622528076e+00, -1.0069473646581173e-02 ], [
       4.2467341423034668e+00, -2.9892945289611816e+00,
       -1.3325969688594341e-02 ] ] }
   - { id:11, corners:[ [ 4.4911475181579590e+00, 6.8257644772529602e-02,
       2.3764600977301598e-02 ], [ 4.6831231117248535e+00,
       6.7236810922622681e-02, 2.6635969057679176e-02 ], [
       4.6821351051330566e+00, -1.2474812567234039e-01,
       2.4443412199616432e-02 ], [ 4.4901595115661621e+00,
       -1.2372729182243347e-01, 2.1572044119238853e-02 ] ] }
   - { id:12, corners:[ [ 4.5195479393005371e+00,
       -1.3068808317184448e+00, 2.9806451871991158e-02 ], [
       4.7115216255187988e+00, -1.3074427843093872e+00,
       3.2951377332210541e-02 ], [ 4.7109704017639160e+00,
       -1.4994407892227173e+00, 3.2303087413311005e-02 ], [
       4.5189967155456543e+00, -1.4988788366317749e+00,
       2.9158160090446472e-02 ] ] }
   - { id:13, corners:[ [ 4.5035281181335449e+00, 1.3868851661682129e+00,
       1.9076814875006676e-02 ], [ 4.6954989433288574e+00,
       1.3892353773117065e+00, 2.1476315334439278e-02 ], [
       4.6978468894958496e+00, 1.1972498893737793e+00,
       2.1672030910849571e-02 ], [ 4.5058760643005371e+00,
       1.1948996782302856e+00, 1.9272530451416969e-02 ] ] }
   - { id:14, corners:[ [ 1.1997115612030029e+00, 1.4844213724136353e+00,
       9.7803836688399315e-03 ], [ 1.3916864395141602e+00,
       1.4818117618560791e+00, 1.1471602134406567e-02 ], [
       1.3890945911407471e+00, 1.2898398637771606e+00,
       9.4533851370215416e-03 ], [ 1.1971197128295898e+00,
       1.2924494743347168e+00, 7.7621666714549065e-03 ] ] }
   - { id:15, corners:[ [ 1.1977586746215820e+00, 8.4593892097473145e-02,
       7.8871473670005798e-03 ], [ 1.3897122144699097e+00,
       8.0942794680595398e-02, 1.0003904812037945e-02 ], [
       1.3860664367675781e+00, -1.1102193593978882e-01,
       9.5029938966035843e-03 ], [ 1.1941128969192505e+00,
       -1.0737083852291107e-01, 7.3862364515662193e-03 ] ] }
   - { id:16, corners:[ [ 1.1824318170547485e+00,
       -1.2987394332885742e+00, -6.1946013011038303e-04 ], [
       1.3743956089019775e+00, -1.3022170066833496e+00,
       7.3239568155258894e-04 ], [ 1.3709379434585571e+00,
       -1.4941654205322266e+00, -2.0707319490611553e-03 ], [
       1.1789741516113281e+00, -1.4906878471374512e+00,
       -3.4225876443088055e-03 ] ] }
   - { id:17, corners:[ [ 3.0519995689392090e+00,
       -1.3150272369384766e+00, 9.5950812101364136e-03 ], [
       3.2439861297607422e+00, -1.3153196573257446e+00,
       1.1844654567539692e-02 ], [ 3.2437219619750977e+00,
       -1.5073041915893555e+00, 9.4217155128717422e-03 ], [
       3.0517354011535645e+00, -1.5070117712020874e+00,
       7.1721421554684639e-03 ] ] }
   - { id:18, corners:[ [ 3.2883665561676025e+00,
       -1.6328182816505432e-01, 1.9968794658780098e-02 ], [
       3.0963954925537109e+00, -1.6153755784034729e-01,
       1.7116222530603409e-02 ], [ 3.0981423854827881e+00,
       3.0454419553279877e-02, 1.6947893425822258e-02 ], [
       3.2901134490966797e+00, 2.8710164129734039e-02,
       1.9800465553998947e-02 ] ] }
   - { id:19, corners:[ [ 3.3411712646484375e+00, 1.3249901533126831e+00,
       8.4369080141186714e-03 ], [ 3.1491820812225342e+00,
       1.3242616653442383e+00, 6.5376395359635353e-03 ], [
       3.1484551429748535e+00, 1.5162602663040161e+00,
       6.3991518691182137e-03 ], [ 3.3404443264007568e+00,
       1.5169887542724609e+00, 8.2984203472733498e-03 ] ] }
