%YAML:1.0
---
image_width: 1280
image_height: 720
camera_matrix: !!opencv-matrix
   rows: 3
   cols: 3
   dt: f
   data: [ 1.08759546e+03, 0., 6.51653931e+02, 0., 1.08167615e+03,
       3.60409576e+02, 0., 0., 1. ]
distortion_coefficients: !!opencv-matrix
   rows: 1
   cols: 5
   dt: f
   data: [ 7.54744932e-02, -1.00765117e-01, -3.02375737e-03,
       -9.29286645e-04, 1.03495605e-02 ]
