%YAML:1.0
---
image_width: 1920
image_height: 1080
camera_matrix: !!opencv-matrix
   rows: 3
   cols: 3
   dt: f
   data: [ 1.42606836e+03, 0., 9.89242920e+02, 0., 1.42412903e+03,
       5.29932617e+02, 0., 0., 1. ]
distortion_coefficients: !!opencv-matrix
   rows: 1
   cols: 5
   dt: f
   data: [ -2.67191846e-02, -1.68926804e-03, -2.27942690e-03,
       2.52088625e-03, -2.93930210e-02 ]
