%YAML:1.0
---
image_width: 1920
image_height: 1080
camera_matrix: !!opencv-matrix
   rows: 3
   cols: 3
   dt: f
   data: [ 1.42462646e+03, 0., 9.90273987e+02, 0., 1.42635132e+03,
       5.28883850e+02, 0., 0., 1. ]
distortion_coefficients: !!opencv-matrix
   rows: 1
   cols: 5
   dt: f
   data: [ -1.26232654e-02, 1.18365146e-01, -5.47179428e-04,
       5.78272110e-03, -2.23377034e-01 ]
