marker-system: {angle: 9.764972077996687, x: -0.40906152513241717, y: -0.2846555431181427,
  z: 3.7277272241916304}
out-of-plane-limit: 4