marker-system: {angle: -79.73048872263999, x: -0.40582840810820064, y: 0.9345261682692314,
  z: 3.728181186110007}
out-of-plane-limit: 4
