%YAML:1.0
---
aruco_bc_dict: ARUCO_MIP_16h3
aruco_bc_nmarkers: 18
aruco_bc_mInfoType: 1
aruco_bc_markers:
   - { id:0, corners:[ [ 1.0349439084529877e-01, 5.0806794166564941e+00,
       6.6566783189773560e-01 ], [ 1.0511484742164612e-01,
       5.2518987655639648e+00, 6.9037282466888428e-01 ], [
       2.7362293004989624e-01, 5.2447476387023926e+00,
       7.2888118028640747e-01 ], [ 2.7200245857238770e-01,
       5.0735282897949219e+00, 7.0417618751525879e-01 ] ] }
   - { id:1, corners:[ [ -8.4022468328475952e-01,
       -1.6158623695373535e+00, -3.2141700387001038e-01 ], [
       -8.4534651041030884e-01, -1.7887865304946899e+00,
       -3.2134032249450684e-01 ], [ -1.0127822160720825e+00,
       -1.7838463783264160e+00, -3.6458250880241394e-01 ], [
       -1.0076603889465332e+00, -1.6109222173690796e+00,
       -3.6465919017791748e-01 ] ] }
   - { id:4, corners:[ [ 1.1388260126113892e+00, -1.1273888349533081e+00,
       2.2419920563697815e-01 ], [ 1.1384637355804443e+00,
       -9.5439183712005615e-01, 2.2324052453041077e-01 ], [
       1.3029209375381470e+00, -9.5375001430511475e-01,
       2.7692875266075134e-01 ], [ 1.3032832145690918e+00,
       -1.1267470121383667e+00, 2.7788743376731873e-01 ] ] }
   - { id:5, corners:[ [ 2.6995699405670166e+00, -1.9571624994277954e+00,
       4.9963992834091187e-01 ], [ 2.5314047336578369e+00,
       -1.9455407857894897e+00, 4.6072506904602051e-01 ], [
       2.5372869968414307e+00, -1.7745531797409058e+00,
       4.8636955022811890e-01 ], [ 2.7054522037506104e+00,
       -1.7861748933792114e+00, 5.2528440952301025e-01 ] ] }
   - { id:6, corners:[ [ 1.0249772071838379e+00, -1.5203350782394409e-01,
       1.9758418202400208e-01 ], [ 1.0153616666793823e+00,
       2.0298041403293610e-02, 2.0934765040874481e-01 ], [
       1.1816782951354980e+00, 2.6353664696216583e-02,
       2.5658202171325684e-01 ], [ 1.1912938356399536e+00,
       -1.4597788453102112e-01, 2.4481855332851410e-01 ] ] }
   - { id:7, corners:[ [ -8.6499996483325958e-02, 8.6499996483325958e-02,
       0. ], [ 8.6499996483325958e-02, 8.6499996483325958e-02, 0. ], [
       8.6499996483325958e-02, -8.6499996483325958e-02, 0. ], [
       -8.6499996483325958e-02, -8.6499996483325958e-02, 0. ] ] }
   - { id:8, corners:[ [ -2.1860194206237793e+00, 2.8150692582130432e-02,
       -4.4653537869453430e-01 ], [ -2.1727764606475830e+00,
       1.9988262653350830e-01, -4.3035632371902466e-01 ], [
       -2.0032038688659668e+00, 1.8394827842712402e-01,
       -4.0002205967903137e-01 ], [ -2.0164468288421631e+00,
       1.2216344475746155e-02, -4.1620111465454102e-01 ] ] }
   - { id:10, corners:[ [ 1.9538340568542480e+00,
       -2.1372225880622864e-01, 4.1734507679939270e-01 ], [
       1.9479022026062012e+00, -5.0630122423171997e-02,
       4.7474512457847595e-01 ], [ 2.1160144805908203e+00,
       -5.8609448373317719e-02, 5.1478987932205200e-01 ], [
       2.1219463348388672e+00, -2.2170159220695496e-01,
       4.5738986134529114e-01 ] ] }
   - { id:11, corners:[ [ 4.4465193748474121e+00,
       -1.5528190135955811e-01, 1.1081230640411377e+00 ], [
       4.4384517669677734e+00, -3.2748496532440186e-01,
       1.0936309099197388e+00 ], [ 4.2708640098571777e+00,
       -3.1614848971366882e-01, 1.0522196292877197e+00 ], [
       4.2789316177368164e+00, -1.4394542574882507e-01,
       1.0667117834091187e+00 ] ] }
   - { id:12, corners:[ [ 4.4857540130615234e+00, 1.5658786296844482e+00,
       1.2832632064819336e+00 ], [ 4.4711918830871582e+00,
       1.3949985504150391e+00, 1.2605261802673340e+00 ], [
       4.3051910400390625e+00, 1.4150514602661133e+00,
       1.2161343097686768e+00 ], [ 4.3197531700134277e+00,
       1.5859315395355225e+00, 1.2388713359832764e+00 ] ] }
   - { id:13, corners:[ [ 2.0016009807586670e+00, 1.5251231193542480e+00,
       6.3928329944610596e-01 ], [ 2.0014092922210693e+00,
       1.6966245174407959e+00, 6.6200381517410278e-01 ], [
       2.1680433750152588e+00, 1.6907007694244385e+00,
       7.0812308788299561e-01 ], [ 2.1682350635528564e+00,
       1.5191993713378906e+00, 6.8540257215499878e-01 ] ] }
   - { id:14, corners:[ [ 2.6931762695312500e-03, 1.6390765905380249e+00,
       1.7255057394504547e-01 ], [ 7.0832073688507080e-03,
       1.8090754747390747e+00, 2.0433273911476135e-01 ], [
       1.7620712518692017e-01, 1.7982100248336792e+00,
       2.3908962309360504e-01 ], [ 1.7181709408760071e-01,
       1.6282111406326294e+00, 2.0730745792388916e-01 ] ] }
   - { id:15, corners:[ [ -1.7592823505401611e+00,
       3.4059352874755859e+00, -2.7539080381393433e-01 ], [
       -1.7541897296905518e+00, 3.5774402618408203e+00,
       -2.5327575206756592e-01 ], [ -1.5843093395233154e+00,
       3.5683450698852539e+00, -2.2186060249805450e-01 ], [
       -1.5894019603729248e+00, 3.3968400955200195e+00,
       -2.4397563934326172e-01 ] ] }
   - { id:16, corners:[ [ -2.0618040561676025e+00,
       1.7435926198959351e+00, -2.5152027606964111e-01 ], [
       -2.0545847415924072e+00, 1.9148044586181641e+00,
       -2.2778473794460297e-01 ], [ -1.8846861124038696e+00,
       1.9034045934677124e+00, -1.9723084568977356e-01 ], [
       -1.8919056653976440e+00, 1.7321927547454834e+00,
       -2.2096638381481171e-01 ] ] }
   - { id:17, corners:[ [ 2.7313560247421265e-01, 3.3664438724517822e+00,
       4.5347040891647339e-01 ], [ 1.0322768241167068e-01,
       3.3730726242065430e+00, 4.2159008979797363e-01 ], [
       1.0607224702835083e-01, 3.5448238849639893e+00,
       4.4214141368865967e-01 ], [ 2.7598017454147339e-01,
       3.5381951332092285e+00, 4.7402173280715942e-01 ] ] }
   - { id:18, corners:[ [ 2.2370579242706299e+00, 3.4118897914886475e+00,
       9.3765765428543091e-01 ], [ 2.2364470958709717e+00,
       3.2411639690399170e+00, 9.0970563888549805e-01 ], [
       2.0702688694000244e+00, 3.2495143413543701e+00,
       8.6233431100845337e-01 ], [ 2.0708796977996826e+00,
       3.4202401638031006e+00, 8.9028632640838623e-01 ] ] }
   - { id:19, corners:[ [ 3.6721389293670654e+00, 3.4176983833312988e+00,
       1.2250534296035767e+00 ], [ 3.8385245800018311e+00,
       3.4046499729156494e+00, 1.2706000804901123e+00 ], [
       3.8342926502227783e+00, 3.2349119186401367e+00,
       1.2374321222305298e+00 ], [ 3.6679069995880127e+00,
       3.2479603290557861e+00, 1.1918854713439941e+00 ] ] }
   - { id:20, corners:[ [ 2.2540950775146484e+00, 5.1436948776245117e+00,
       1.1746888160705566e+00 ], [ 2.2608554363250732e+00,
       4.9730525016784668e+00, 1.1470385789871216e+00 ], [
       2.0939178466796875e+00, 4.9737939834594727e+00,
       1.1016483306884766e+00 ], [ 2.0871574878692627e+00,
       5.1444363594055176e+00, 1.1292985677719116e+00 ] ] }
