%YAML:1.0
---
image_width: 1280
image_height: 720
camera_matrix: !!opencv-matrix
   rows: 3
   cols: 3
   dt: f
   data: [ 1.08455188e+03, 0., 6.51632080e+02, 0., 1.08473230e+03,
       3.60575287e+02, 0., 0., 1. ]
distortion_coefficients: !!opencv-matrix
   rows: 1
   cols: 5
   dt: f
   data: [ -2.63622701e-02, -5.63482456e-02, -4.46941052e-03,
       3.80639243e-03, 1.32920379e-02 ]
