%YAML:1.0
---
aruco_bc_dict: ARUCO_MIP_16h3
aruco_bc_nmarkers: 15
aruco_bc_mInfoType: 1
aruco_bc_markers:
   - { id:0, corners:[ [ -3.8308885097503662e+00, 1.5529419183731079e+00,
       2.8942701220512390e-01 ], [ -3.8303093910217285e+00,
       1.7257996797561646e+00, 2.9641753435134888e-01 ], [
       -3.6603896617889404e+00, 1.7265444993972778e+00,
       2.6392486691474915e-01 ], [ -3.6609687805175781e+00,
       1.5536867380142212e+00, 2.5693434476852417e-01 ] ] }
   - { id:7, corners:[ [ -3.7997410297393799e+00,
       -3.5307674407958984e+00, 7.3000198602676392e-01 ], [
       -3.6294226646423340e+00, -3.5269064903259277e+00,
       6.9990706443786621e-01 ], [ -3.6204555034637451e+00,
       -3.6972403526306152e+00, 7.2880274057388306e-01 ], [
       -3.7907738685607910e+00, -3.7011013031005859e+00,
       7.5889766216278076e-01 ] ] }
   - { id:8, corners:[ [ -5.9206867218017578e+00,
       -3.6816606521606445e+00, 1.1740261316299438e+00 ], [
       -5.9198231697082520e+00, -3.5124528408050537e+00,
       1.1380126476287842e+00 ], [ -5.7506961822509766e+00,
       -3.5208544731140137e+00, 1.1025940179824829e+00 ], [
       -5.7515597343444824e+00, -3.6900622844696045e+00,
       1.1386075019836426e+00 ] ] }
   - { id:10, corners:[ [ -1.6889548301696777e+00,
       -3.7072429656982422e+00, 5.2726888656616211e-01 ], [
       -1.6910880804061890e+00, -3.5347547531127930e+00,
       5.4039418697357178e-01 ], [ -1.5186736583709717e+00,
       -3.5315675735473633e+00, 5.2653419971466064e-01 ], [
       -1.5165404081344604e+00, -3.7040557861328125e+00,
       5.1340889930725098e-01 ] ] }
   - { id:11, corners:[ [ 9.1638278961181641e-01,
       -3.4449450969696045e+00, 4.8895615339279175e-01 ], [
       9.1793924570083618e-01, -3.6151075363159180e+00,
       5.2012187242507935e-01 ], [ 7.4495697021484375e-01,
       -3.6169855594635010e+00, 5.1850634813308716e-01 ], [
       7.4340051412582397e-01, -3.4468231201171875e+00,
       4.8734062910079956e-01 ] ] }
   - { id:12, corners:[ [ 8.5923576354980469e-01,
       -1.7182819843292236e+00, 2.4852640926837921e-01 ], [
       8.5293221473693848e-01, -1.8905820846557617e+00,
       2.6273629069328308e-01 ], [ 6.8005919456481934e-01,
       -1.8844687938690186e+00, 2.6017531752586365e-01 ], [
       6.8636274337768555e-01, -1.7121686935424805e+00,
       2.4596545100212097e-01 ] ] }
   - { id:13, corners:[ [ -1.7292444705963135e+00,
       -1.9485884904861450e+00, 2.6763975620269775e-01 ], [
       -1.7365455627441406e+00, -1.7763023376464844e+00,
       2.5374120473861694e-01 ], [ -1.5641384124755859e+00,
       -1.7700337171554565e+00, 2.4087816476821899e-01 ], [
       -1.5568373203277588e+00, -1.9423198699951172e+00,
       2.5477671623229980e-01 ] ] }
   - { id:14, corners:[ [ -3.8089361190795898e+00,
       -1.9662625789642334e+00, 4.8765817284584045e-01 ], [
       -3.8082780838012695e+00, -1.7934209108352661e+00,
       4.8028635978698730e-01 ], [ -3.6371860504150391e+00,
       -1.7951626777648926e+00, 4.5472249388694763e-01 ], [
       -3.6378440856933594e+00, -1.9680043458938599e+00,
       4.6209430694580078e-01 ] ] }
   - { id:15, corners:[ [ -5.7897996902465820e+00,
       -3.3942919969558716e-01, 3.6716613173484802e-01 ], [
       -5.7890129089355469e+00, -1.6644719243049622e-01,
       3.6953404545783997e-01 ], [ -5.6208486557006836e+00,
       -1.6665601730346680e-01, 3.2891848683357239e-01 ], [
       -5.6216354370117188e+00, -3.3963802456855774e-01,
       3.2655057311058044e-01 ] ] }
   - { id:16, corners:[ [ -5.8986682891845703e+00,
       -1.9644644260406494e+00, 8.8414484262466431e-01 ], [
       -5.8973293304443359e+00, -1.7920212745666504e+00,
       8.7034010887145996e-01 ], [ -5.7281436920166016e+00,
       -1.7962074279785156e+00, 8.3445662260055542e-01 ], [
       -5.7294826507568359e+00, -1.9686505794525146e+00,
       8.4826135635375977e-01 ] ] }
   - { id:17, corners:[ [ -3.6070618629455566e+00,
       -1.8439370393753052e-01, 3.0217492580413818e-01 ], [
       -3.7785000801086426e+00, -1.9456674158573151e-01,
       3.2301911711692810e-01 ], [ -3.7905735969543457e+00,
       -2.2678062319755554e-02, 3.0760776996612549e-01 ], [
       -3.6191353797912598e+00, -1.2505024671554565e-02,
       2.8676357865333557e-01 ] ] }
   - { id:18, corners:[ [ -1.5676952600479126e+00,
       -7.0968940854072571e-03, 1.0930085182189941e-01 ], [
       -1.5634167194366455e+00, -1.8003515899181366e-01,
       1.0755549371242523e-01 ], [ -1.7362211942672729e+00,
       -1.8438091874122620e-01, 1.1453536152839661e-01 ], [
       -1.7404997348785400e+00, -1.1442661285400391e-02,
       1.1628071963787079e-01 ] ] }
   - { id:19, corners:[ [ -8.6499996483325958e-02,
       8.6499996483325958e-02, 0. ], [ 8.6499996483325958e-02,
       8.6499996483325958e-02, 0. ], [ 8.6499996483325958e-02,
       -8.6499996483325958e-02, 0. ], [ -8.6499996483325958e-02,
       -8.6499996483325958e-02, 0. ] ] }
   - { id:20, corners:[ [ -1.6221829652786255e+00,
       1.7458431720733643e+00, 1.6324342787265778e-01 ], [
       -1.6112437248229980e+00, 1.5731996297836304e+00,
       1.6512112319469452e-01 ], [ -1.7837985754013062e+00,
       1.5623309612274170e+00, 1.7109756171703339e-01 ], [
       -1.7947378158569336e+00, 1.7349745035171509e+00,
       1.6921986639499664e-01 ] ] }
   - { id:80, corners:[ [ -5.7832183837890625e+00,
       -1.7327867746353149e+00, 1.7940747737884521e+00 ], [
       -5.7967495918273926e+00, -1.5766191482543945e+00,
       1.7208791971206665e+00 ], [ -5.6340999603271484e+00,
       -1.5894857645034790e+00, 1.6633589267730713e+00 ], [
       -5.6205687522888184e+00, -1.7456533908843994e+00,
       1.7365545034408569e+00 ] ] }
