%YAML:1.0
---
image_width: 1280
image_height: 720
camera_matrix: !!opencv-matrix
   rows: 3
   cols: 3
   dt: f
   data: [ 1.08719434e+03, 0., 6.51634033e+02, 0., 1.08206689e+03,
       3.60397369e+02, 0., 0., 1. ]
distortion_coefficients: !!opencv-matrix
   rows: 1
   cols: 5
   dt: f
   data: [ 5.91143817e-02, -4.51580808e-02, -8.24269373e-04,
       5.23790345e-03, -1.18020447e-02 ]
