%YAML:1.0
---
aruco_bc_dict: ARUCO_MIP_16h3
aruco_bc_nmarkers: 13
aruco_bc_mInfoType: 1
aruco_bc_markers:
   - { id:0, corners:[ [ -5.6091076135635376e-01, 1.9061868190765381e+00,
       7.3434740304946899e-02 ], [ -5.1088136434555054e-01,
       1.7659159898757935e+00, 6.4390756189823151e-02 ], [
       -6.5143924951553345e-01, 1.7159175872802734e+00,
       6.2322825193405151e-02 ], [ -7.0146864652633667e-01,
       1.8561884164810181e+00, 7.1366809308528900e-02 ] ] }
   - { id:2, corners:[ [ -1.1512751579284668e+00, 1.2784699201583862e+00,
       5.4304614663124084e-02 ], [ -1.2549536228179932e+00,
       1.1711819171905518e+00, 5.5148515850305557e-02 ], [
       -1.3620607852935791e+00, 1.2747477293014526e+00,
       6.3074022531509399e-02 ], [ -1.2583823204040527e+00,
       1.3820357322692871e+00, 6.2230121344327927e-02 ] ] }
   - { id:4, corners:[ [ -8.4018373489379883e-01, 2.7134077548980713e+00,
       1.4940653741359711e-01 ], [ -6.9146925210952759e-01,
       2.7040843963623047e+00, 1.4180909097194672e-01 ], [
       -7.0135188102722168e-01, 2.5556399822235107e+00,
       1.3052980601787567e-01 ], [ -8.5006636381149292e-01,
       2.5649633407592773e+00, 1.3812725245952606e-01 ] ] }
   - { id:5, corners:[ [ -1.4609173536300659e+00, 2.4498436450958252e+00,
       1.5720398724079132e-01 ], [ -1.3780776262283325e+00,
       2.3273305892944336e+00, 1.3748787343502045e-01 ], [
       -1.5017262697219849e+00, 2.2438371181488037e+00,
       1.3677899539470673e-01 ], [ -1.5845659971237183e+00,
       2.3663501739501953e+00, 1.5649510920047760e-01 ] ] }
   - { id:6, corners:[ [ 4.6067431569099426e-02, 2.5297954082489014e+00,
       9.3182727694511414e-02 ], [ 1.9503800570964813e-01,
       2.5217216014862061e+00, 9.1386847198009491e-02 ], [
       1.8686611950397491e-01, 2.3730466365814209e+00,
       8.1917747855186462e-02 ], [ 3.7895545363426208e-02,
       2.3811204433441162e+00, 8.3713628351688385e-02 ] ] }
   - { id:7, corners:[ [ -8.4207975864410400e-01, 1.4705133438110352e-01,
       1.8768260255455971e-02 ], [ -8.6459642648696899e-01,
       -2.3048371076583862e-04, 1.0912918485701084e-02 ], [
       -1.0119810104370117e+00, 2.2540010511875153e-02,
       6.4476425759494305e-03 ], [ -9.8946434259414673e-01,
       1.6982182860374451e-01, 1.4302984811365604e-02 ] ] }
   - { id:8, corners:[ [ 1.0141205787658691e+00, -4.9502488970756531e-01,
       9.7065884619951248e-04 ], [ 1.1023689508438110e+00,
       -3.7478017807006836e-01, 4.7238962724804878e-03 ], [
       1.2226076126098633e+00, -4.6309068799018860e-01,
       6.8575358018279076e-03 ], [ 1.1343592405319214e+00,
       -5.8333539962768555e-01, 3.1042983755469322e-03 ] ] }
   - { id:9, corners:[ [ 7.1183063089847565e-02, -1.6204022169113159e+00,
       7.0153172127902508e-03 ], [ 2.2017556428909302e-01,
       -1.6274636983871460e+00, 1.0480868630111217e-02 ], [
       2.1299782395362854e-01, -1.7764035463333130e+00,
       1.5583844855427742e-02 ], [ 6.4005315303802490e-02,
       -1.7693420648574829e+00, 1.2118293903768063e-02 ] ] }
   - { id:10, corners:[ [ -2.6285576820373535e-01,
       6.7046833038330078e-01, 7.0720277726650238e-03 ], [
       -4.1133400797843933e-01, 6.8466693162918091e-01,
       1.0712880641222000e-02 ], [ -3.9701306819915771e-01,
       8.3308625221252441e-01, 1.5933766961097717e-02 ], [
       -2.4853482842445374e-01, 8.1888765096664429e-01,
       1.2292914092540741e-02 ] ] }
   - { id:11, corners:[ [ -7.4599944055080414e-02,
       7.4599973857402802e-02, 7.4505805969238281e-09 ], [
       7.4600063264369965e-02, 7.4599973857402802e-02,
       7.4505805969238281e-09 ], [ 7.4600063264369965e-02,
       -7.4600033462047577e-02, 7.4505805969238281e-09 ], [
       -7.4599944055080414e-02, -7.4600033462047577e-02,
       7.4505805969238281e-09 ] ] }
   - { id:12, corners:[ [ -7.8838360309600830e-01,
       -7.3563426733016968e-01, -4.5745689421892166e-03 ], [
       -7.6806133985519409e-01, -8.8342332839965820e-01,
       -7.0316898636519909e-03 ], [ -9.1586983203887939e-01,
       -9.0375155210494995e-01, -6.8347649648785591e-03 ], [
       -9.3619209527969360e-01, -7.5596249103546143e-01,
       -4.3776440434157848e-03 ] ] }
   - { id:14, corners:[ [ -7.3508399724960327e-01,
       -1.8511178493499756e+00, -1.8778783269226551e-03 ], [
       -7.8235137462615967e-01, -1.7096444368362427e+00,
       -5.3029493428766727e-03 ], [ -6.4102154970169067e-01,
       -1.6622681617736816e+00, 1.1784229427576065e-03 ], [
       -5.9375417232513428e-01, -1.8037415742874146e+00,
       4.6034944243729115e-03 ] ] }
   - { id:15, corners:[ [ -5.0113730132579803e-02,
       -7.8616225719451904e-01, -1.1228321120142937e-02 ], [
       -1.1851008981466293e-01, -6.5356630086898804e-01,
       -1.0286539793014526e-02 ], [ 1.4072822406888008e-02,
       -5.8516347408294678e-01, -1.2146903201937675e-02 ], [
       8.2469187676906586e-02, -7.1775943040847778e-01,
       -1.3088684529066086e-02 ] ] }
