%YAML:1.0
---
aruco_bc_dict: ARUCO_MIP_16h3
aruco_bc_nmarkers: 13
aruco_bc_mInfoType: 1
aruco_bc_markers:
   - { id:0, corners:[ [ -5.5607300996780396e-01, 1.9027839899063110e+00,
       6.5985242836177349e-03 ], [ -5.0659155845642090e-01,
       1.7620284557342529e+00, 6.2874695286154747e-03 ], [
       -6.4732807874679565e-01, 1.7125593423843384e+00,
       3.7017916329205036e-03 ], [ -6.9680953025817871e-01,
       1.8533148765563965e+00, 4.0128463879227638e-03 ] ] }
   - { id:2, corners:[ [ -1.1503760814666748e+00, 1.2771170139312744e+00,
       -2.4166393559426069e-03 ], [ -1.2547372579574585e+00,
       1.1704990863800049e+00, -1.0033451253548265e-03 ], [
       -1.3613643646240234e+00, 1.2748546600341797e+00,
       -2.0978373941034079e-03 ], [ -1.2570031881332397e+00,
       1.3814725875854492e+00, -3.5111317411065102e-03 ] ] }
   - { id:3, corners:[ [ -4.7454096376895905e-02,
       -7.8277069330215454e-01, -3.9047678001224995e-03 ], [
       -1.1824098974466324e-01, -6.5144240856170654e-01,
       -5.5588511750102043e-03 ], [ 1.3091437518596649e-02,
       -5.8064609766006470e-01, -4.9904095940291882e-03 ], [
       8.3878330886363983e-02, -7.1197438240051270e-01,
       -3.3363262191414833e-03 ] ] }
   - { id:4, corners:[ [ -8.3586382865905762e-01, 2.7173309326171875e+00,
       4.8620579764246941e-03 ], [ -6.8700772523880005e-01,
       2.7072095870971680e+00, 5.1044947467744350e-03 ], [
       -6.9712519645690918e-01, 2.5583653450012207e+00,
       3.1848931685090065e-03 ], [ -8.4598129987716675e-01,
       2.5684866905212402e+00, 2.9424563981592655e-03 ] ] }
   - { id:5, corners:[ [ -1.4604657888412476e+00, 2.4549372196197510e+00,
       8.7441420182585716e-03 ], [ -1.3773308992385864e+00,
       2.3312289714813232e+00, 1.9997102208435535e-03 ], [
       -1.5011619329452515e+00, 2.2480032444000244e+00,
       2.1536478307098150e-03 ], [ -1.5842968225479126e+00,
       2.3717114925384521e+00, 8.8980793952941895e-03 ] ] }
   - { id:6, corners:[ [ 5.5880032479763031e-02, 2.5273466110229492e+00,
       -1.5217636246234179e-04 ], [ 2.0482350885868073e-01,
       2.5188825130462646e+00, 2.0479164086282253e-03 ], [
       1.9635066390037537e-01, 2.3699240684509277e+00,
       2.5796513073146343e-03 ], [ 4.7407194972038269e-02,
       2.3783881664276123e+00, 3.7955871084704995e-04 ] ] }
   - { id:7, corners:[ [ -8.4247153997421265e-01, 1.4713673293590546e-01,
       2.1662425715476274e-03 ], [ -8.6512154340744019e-01,
       -2.3866444826126099e-04, -3.1357735861092806e-03 ], [
       -1.0124906301498413e+00, 2.2580143064260483e-02,
       -7.8557357192039490e-03 ], [ -9.8984068632125854e-01,
       1.6995555162429810e-01, -2.5537193287163973e-03 ] ] }
   - { id:8, corners:[ [ 1.0117326974868774e+00, -4.9041646718978882e-01,
       -1.1461663991212845e-02 ], [ 1.0997862815856934e+00,
       -3.7006476521492004e-01, -1.6223883256316185e-02 ], [
       1.2200802564620972e+00, -4.5823472738265991e-01,
       -2.0234365016222000e-02 ], [ 1.1320266723632812e+00,
       -5.7858645915985107e-01, -1.5472144819796085e-02 ] ] }
   - { id:9, corners:[ [ 7.1634039282798767e-02, -1.6194866895675659e+00,
       1.2715263292193413e-02 ], [ 2.2067186236381531e-01,
       -1.6264282464981079e+00, 1.3147345744073391e-02 ], [
       2.1372880041599274e-01, -1.7754656076431274e+00,
       1.3676656410098076e-02 ], [ 6.4690984785556793e-02,
       -1.7685240507125854e+00, 1.3244573958218098e-02 ] ] }
   - { id:10, corners:[ [ -2.6129478216171265e-01,
       6.6627657413482666e-01, 1.6617549117654562e-03 ], [
       -4.0955978631973267e-01, 6.8092334270477295e-01,
       9.6366470679640770e-03 ], [ -3.9509522914886475e-01,
       8.2937371730804443e-01, 5.9079462662339211e-03 ], [
       -2.4683022499084473e-01, 8.1472694873809814e-01,
       -2.0669456571340561e-03 ] ] }
   - { id:11, corners:[ [ -7.4600003659725189e-02,
       7.4600003659725189e-02, 0. ], [ 7.4600003659725189e-02,
       7.4600003659725189e-02, 0. ], [ 7.4600003659725189e-02,
       -7.4600003659725189e-02, 0. ], [ -7.4600003659725189e-02,
       -7.4600003659725189e-02, 0. ] ] }
   - { id:12, corners:[ [ -7.8782558441162109e-01,
       -7.3613613843917847e-01, -2.2890146356076002e-03 ], [
       -7.6755607128143311e-01, -8.8395172357559204e-01,
       -2.8753895312547684e-03 ], [ -9.1536116600036621e-01,
       -9.0421205759048462e-01, -4.8255762085318565e-03 ], [
       -9.3563067913055420e-01, -7.5639647245407104e-01,
       -4.2392010800540447e-03 ] ] }
   - { id:19, corners:[ [ -6.4376389980316162e-01,
       -1.6638951301574707e+00, 5.4158670827746391e-03 ], [
       -5.9826254844665527e-01, -1.8059501647949219e+00,
       8.6745861917734146e-03 ], [ -7.4031770229339600e-01,
       -1.8515059947967529e+00, 6.3002556562423706e-03 ], [
       -7.8581905364990234e-01, -1.7094509601593018e+00,
       3.0415365472435951e-03 ] ] }
