%YAML:1.0
---
image_width: 1280
image_height: 720
camera_matrix: !!opencv-matrix
   rows: 3
   cols: 3
   dt: f
   data: [ 1.08771460e+03, 0., 6.51652161e+02, 0., 1.08156238e+03,
       3.60398773e+02, 0., 0., 1. ]
distortion_coefficients: !!opencv-matrix
   rows: 1
   cols: 5
   dt: f
   data: [ 6.55381829e-02, -9.80945304e-02, -2.25312775e-03,
       1.41038420e-03, 4.25327830e-02 ]
